English: [546, 2578, 655, 0, 0, 0, 0, 0, 0, 0, 0, 0, 0, 0, 0, 0, 0, 0, 0, 0]
Tamil: [2, 1, 2347, 1, 3, 0, 0, 0, 0, 0, 0, 0, 0, 0, 0, 0, 0, 0, 0, 0]

English: [11, 2, 101, 439, 137, 86, 1430, 1000, 188, 19, 328, 12, 1, 2469, 18, 60, 2167, 78, 28, 149]
Tamil: [2, 1, 1, 1, 1, 1587, 1, 1, 1, 1, 1, 1, 1, 1, 1, 1, 1, 1, 1, 1]

English: [1, 28, 1128, 103, 7911, 1, 1714, 1, 1, 8, 6, 1, 1, 3476, 333, 41, 0, 0, 0, 0]
Tamil: [2, 1, 1, 1, 1, 1, 12846, 1, 2345, 1, 1, 1, 1, 1, 1, 1, 1, 1, 3, 0]

English: [10, 1, 1708, 1, 18, 1, 2, 1193, 3145, 1, 0, 0, 0, 0, 0, 0, 0, 0, 0, 0]
Tamil: [2, 1, 1, 1, 1, 1, 1, 1, 1, 1, 3, 0, 0, 0, 0, 0, 0, 0, 0, 0]

English: [679, 2, 2472, 0, 0, 0, 0, 0, 0, 0, 0, 0, 0, 0, 0, 0, 0, 0, 0, 0]
Tamil: [2, 1, 1, 1, 3, 0, 0, 0, 0, 0, 0, 0, 0, 0, 0, 0, 0, 0, 0, 0]

English: [1, 1062, 1, 1, 1, 1, 1, 1, 1, 1, 1, 1, 1, 1, 1, 1, 1, 1, 1, 1]
Tamil: [2, 1, 1, 1, 1, 1, 1, 1, 1, 1, 1, 1, 1, 1, 1, 1, 1, 1, 1, 1]

English: [1, 2999, 19, 79, 1, 4, 2, 5016, 0, 0, 0, 0, 0, 0, 0, 0, 0, 0, 0, 0]
Tamil: [2, 1, 1, 1, 1, 1, 1, 3, 0, 0, 0, 0, 0, 0, 0, 0, 0, 0, 0, 0]

English: [2, 860, 2076, 517, 3644, 4, 2, 1, 5002, 4, 1, 201, 3626, 78, 4, 5002, 2286, 0, 0, 0]
Tamil: [2, 1, 1, 1, 1, 1, 1, 1, 1, 1, 1, 1, 1, 1, 1, 3, 0, 0, 0, 0]

English: [57, 46, 29, 7173, 63, 2972, 96, 19, 2, 1484, 4, 3709, 11, 1468, 51, 10, 96, 29, 27, 2087]
Tamil: [2, 1, 1, 1, 1, 1, 1, 1, 1, 1, 1, 1, 1, 1, 1, 1, 3, 0, 0, 0]

English: [34, 21, 7, 39, 0, 0, 0, 0, 0, 0, 0, 0, 0, 0, 0, 0, 0, 0, 0, 0]
Tamil: [2, 1, 1, 1, 3, 0, 0, 0, 0, 0, 0, 0, 0, 0, 0, 0, 0, 0, 0, 0]

English: [46, 34, 7, 129, 8, 294, 48, 54, 17, 898, 464, 0, 0, 0, 0, 0, 0, 0, 0, 0]
Tamil: [2, 1, 1, 1, 1, 1, 1, 1, 1, 1, 3, 0, 0, 0, 0, 0, 0, 0, 0, 0]

English: [51, 296, 6, 3415, 1, 0, 0, 0, 0, 0, 0, 0, 0, 0, 0, 0, 0, 0, 0, 0]
Tamil: [2, 1, 1, 1, 1, 1, 3, 0, 0, 0, 0, 0, 0, 0, 0, 0, 0, 0, 0, 0]

English: [2375, 1, 16, 1156, 1063, 1, 61, 7617, 2, 2023, 12, 125, 1, 1, 1, 0, 0, 0, 0, 0]
Tamil: [2, 1, 1, 1, 1, 1, 1, 1, 1, 3113, 1, 1, 1, 1, 1, 3, 0, 0, 0, 0]

English: [2, 889, 183, 2, 451, 12, 75, 91, 4467, 78, 0, 0, 0, 0, 0, 0, 0, 0, 0, 0]
Tamil: [2, 1, 1, 1, 1, 1, 1, 1, 3, 0, 0, 0, 0, 0, 0, 0, 0, 0, 0, 0]

English: [87, 95, 7813, 0, 0, 0, 0, 0, 0, 0, 0, 0, 0, 0, 0, 0, 0, 0, 0, 0]
Tamil: [2, 1, 1, 1, 3, 0, 0, 0, 0, 0, 0, 0, 0, 0, 0, 0, 0, 0, 0, 0]

English: [1630, 8, 1, 6, 148, 0, 0, 0, 0, 0, 0, 0, 0, 0, 0, 0, 0, 0, 0, 0]
Tamil: [2, 1, 1, 1, 3, 0, 0, 0, 0, 0, 0, 0, 0, 0, 0, 0, 0, 0, 0, 0]

English: [1, 18, 1, 7814, 47, 2900, 1626, 11, 1, 1, 77, 1, 0, 0, 0, 0, 0, 0, 0, 0]
Tamil: [2, 1, 1, 1, 1, 1, 1, 1, 1, 1, 3, 0, 0, 0, 0, 0, 0, 0, 0, 0]

English: [51, 13, 0, 0, 0, 0, 0, 0, 0, 0, 0, 0, 0, 0, 0, 0, 0, 0, 0, 0]
Tamil: [2, 1, 1, 3, 0, 0, 0, 0, 0, 0, 0, 0, 0, 0, 0, 0, 0, 0, 0, 0]

English: [1486, 186, 10, 30, 0, 0, 0, 0, 0, 0, 0, 0, 0, 0, 0, 0, 0, 0, 0, 0]
Tamil: [2, 1, 1, 3, 0, 0, 0, 0, 0, 0, 0, 0, 0, 0, 0, 0, 0, 0, 0, 0]

English: [72, 28, 2, 717, 1, 982, 77, 2, 5969, 12, 1, 4, 1262, 1, 16, 1, 1046, 0, 0, 0]
Tamil: [2, 1, 1, 1, 1, 1, 2343, 1, 1, 1, 1, 1, 1, 3, 0, 0, 0, 0, 0, 0]

English: [2, 302, 61, 79, 982, 4, 2, 517, 2133, 0, 0, 0, 0, 0, 0, 0, 0, 0, 0, 0]
Tamil: [2, 1, 1, 1, 1, 1, 1, 3, 0, 0, 0, 0, 0, 0, 0, 0, 0, 0, 0, 0]

English: [1, 414, 24, 1882, 47, 6, 1, 16, 6, 1232, 1891, 895, 12, 7460, 610, 1216, 334, 1, 0, 0]
Tamil: [2, 1, 1, 1, 1, 1, 1, 1, 2343, 1, 1, 1, 1, 1, 1, 2, 1, 3, 0, 0]

English: [51, 260, 60, 251, 0, 0, 0, 0, 0, 0, 0, 0, 0, 0, 0, 0, 0, 0, 0, 0]
Tamil: [2, 1, 1, 1, 1, 3, 0, 0, 0, 0, 0, 0, 0, 0, 0, 0, 0, 0, 0, 0]

English: [616, 301, 1228, 5439, 38, 116, 0, 0, 0, 0, 0, 0, 0, 0, 0, 0, 0, 0, 0, 0]
Tamil: [2, 1, 1, 1, 1, 1, 1, 1, 1, 3, 0, 0, 0, 0, 0, 0, 0, 0, 0, 0]

English: [1, 2343, 262, 1, 0, 0, 0, 0, 0, 0, 0, 0, 0, 0, 0, 0, 0, 0, 0, 0]
Tamil: [2, 1, 1, 1, 1, 1, 3, 0, 0, 0, 0, 0, 0, 0, 0, 0, 0, 0, 0, 0]

English: [51, 2, 6707, 28, 279, 1, 0, 0, 0, 0, 0, 0, 0, 0, 0, 0, 0, 0, 0, 0]
Tamil: [2, 1, 1, 1, 1, 1, 1, 3, 0, 0, 0, 0, 0, 0, 0, 0, 0, 0, 0, 0]

English: [51, 9, 328, 214, 1, 4, 1, 0, 0, 0, 0, 0, 0, 0, 0, 0, 0, 0, 0, 0]
Tamil: [2, 1, 1, 1, 1, 1, 1, 3, 0, 0, 0, 0, 0, 0, 0, 0, 0, 0, 0, 0]

English: [25, 85, 6, 6991, 6235, 115, 17, 0, 0, 0, 0, 0, 0, 0, 0, 0, 0, 0, 0, 0]
Tamil: [2, 1, 1, 1, 1, 1, 3, 0, 0, 0, 0, 0, 0, 0, 0, 0, 0, 0, 0, 0]

English: [6, 672, 12, 2, 1, 14, 2629, 4, 1062, 47, 66, 2937, 1, 0, 0, 0, 0, 0, 0, 0]
Tamil: [2, 1, 1, 1, 1, 1, 1, 1, 1, 1, 1, 3, 0, 0, 0, 0, 0, 0, 0, 0]

English: [2, 1, 907, 1758, 1, 1696, 16, 66, 2931, 6235, 115, 566, 7120, 0, 0, 0, 0, 0, 0, 0]
Tamil: [2, 1, 1, 1, 1, 1, 1, 1, 1, 1, 1, 1, 1, 1, 3, 0, 0, 0, 0, 0]

English: [94, 20, 34, 1, 0, 0, 0, 0, 0, 0, 0, 0, 0, 0, 0, 0, 0, 0, 0, 0]
Tamil: [2, 1, 1, 1, 3, 0, 0, 0, 0, 0, 0, 0, 0, 0, 0, 0, 0, 0, 0, 0]

English: [1, 7541, 0, 0, 0, 0, 0, 0, 0, 0, 0, 0, 0, 0, 0, 0, 0, 0, 0, 0]
Tamil: [2, 1, 1, 3, 0, 0, 0, 0, 0, 0, 0, 0, 0, 0, 0, 0, 0, 0, 0, 0]

English: [31, 273, 20, 413, 0, 0, 0, 0, 0, 0, 0, 0, 0, 0, 0, 0, 0, 0, 0, 0]
Tamil: [2, 1, 1, 1, 1, 1, 3, 0, 0, 0, 0, 0, 0, 0, 0, 0, 0, 0, 0, 0]

English: [3, 31, 45, 34, 2, 1, 1, 8, 0, 0, 0, 0, 0, 0, 0, 0, 0, 0, 0, 0]
Tamil: [2, 1, 1, 1, 1, 3, 0, 0, 0, 0, 0, 0, 0, 0, 0, 0, 0, 0, 0, 0]

English: [1, 61, 4, 27, 1, 10, 61, 4, 27, 1, 0, 0, 0, 0, 0, 0, 0, 0, 0, 0]
Tamil: [2, 1, 1, 1, 1, 1, 1, 1, 1, 3, 0, 0, 0, 0, 0, 0, 0, 0, 0, 0]

English: [1, 1, 150, 12, 2, 2885, 0, 0, 0, 0, 0, 0, 0, 0, 0, 0, 0, 0, 0, 0]
Tamil: [2, 1, 1, 12746, 2343, 2665, 1, 1, 1, 3, 0, 0, 0, 0, 0, 0, 0, 0, 0, 0]

English: [2, 1, 8, 1755, 0, 0, 0, 0, 0, 0, 0, 0, 0, 0, 0, 0, 0, 0, 0, 0]
Tamil: [2, 1, 1, 1, 3, 0, 0, 0, 0, 0, 0, 0, 0, 0, 0, 0, 0, 0, 0, 0]

English: [51, 11, 1, 53, 8, 6, 1117, 12, 1, 7811, 13, 1, 1, 16, 1, 1, 1, 0, 0, 0]
Tamil: [2, 1, 1, 1, 1, 1, 1, 1, 1, 1, 1, 1, 2345, 982, 3, 0, 0, 0, 0, 0]

English: [15, 718, 170, 63, 1, 0, 0, 0, 0, 0, 0, 0, 0, 0, 0, 0, 0, 0, 0, 0]
Tamil: [2, 1, 1, 1, 1, 1, 3, 0, 0, 0, 0, 0, 0, 0, 0, 0, 0, 0, 0, 0]

English: [67, 90, 39, 75, 12, 6, 6119, 0, 0, 0, 0, 0, 0, 0, 0, 0, 0, 0, 0, 0]
Tamil: [2, 1, 1, 1, 1, 1, 1, 1, 3, 0, 0, 0, 0, 0, 0, 0, 0, 0, 0, 0]

English: [2, 1618, 1631, 4403, 2, 1, 822, 13, 1368, 54, 1400, 4, 1327, 2, 1, 1, 2460, 1440, 2, 1160]
Tamil: [2, 1, 1, 1, 1, 1, 1, 1, 1, 1, 1, 1, 1, 6626, 1, 1, 1, 1, 1, 1]

English: [1, 6927, 8, 6, 6927, 74, 3751, 12, 1, 0, 0, 0, 0, 0, 0, 0, 0, 0, 0, 0]
Tamil: [2, 1, 1, 1, 1, 1, 1, 1, 3, 0, 0, 0, 0, 0, 0, 0, 0, 0, 0, 0]

English: [1, 8, 66, 332, 3617, 6023, 16, 1, 1472, 0, 0, 0, 0, 0, 0, 0, 0, 0, 0, 0]
Tamil: [2, 1, 1, 1, 1, 1, 1, 1, 1, 3, 0, 0, 0, 0, 0, 0, 0, 0, 0, 0]

English: [1, 2564, 8, 4, 526, 1, 18, 7359, 670, 159, 1, 214, 3586, 4, 1, 0, 0, 0, 0, 0]
Tamil: [2, 1, 1, 1, 1, 1, 1, 1, 1, 1, 1, 1, 1, 1, 1, 3, 0, 0, 0, 0]

English: [1, 1063, 18, 1, 1, 0, 0, 0, 0, 0, 0, 0, 0, 0, 0, 0, 0, 0, 0, 0]
Tamil: [2, 1, 1, 1, 1, 1, 3, 0, 0, 0, 0, 0, 0, 0, 0, 0, 0, 0, 0, 0]

English: [1671, 4, 2, 1765, 1610, 2, 288, 6127, 19, 504, 52, 4, 2, 288, 1503, 0, 0, 0, 0, 0]
Tamil: [2, 1, 1, 1, 1, 1, 1, 1, 1, 1, 1, 3, 0, 0, 0, 0, 0, 0, 0, 0]

English: [623, 7, 57, 109, 4, 15, 278, 18, 2977, 16, 128, 1327, 0, 0, 0, 0, 0, 0, 0, 0]
Tamil: [2, 1, 1, 1, 1, 1, 1, 1, 1, 3, 0, 0, 0, 0, 0, 0, 0, 0, 0, 0]

English: [2, 690, 16, 2, 1, 3367, 54, 27, 2187, 253, 369, 0, 0, 0, 0, 0, 0, 0, 0, 0]
Tamil: [2, 1, 1, 1, 1, 1, 1, 1, 3, 0, 0, 0, 0, 0, 0, 0, 0, 0, 0, 0]

English: [4295, 4481, 99, 3, 1048, 0, 0, 0, 0, 0, 0, 0, 0, 0, 0, 0, 0, 0, 0, 0]
Tamil: [2, 1, 3120, 1, 1, 1, 1, 3, 0, 0, 0, 0, 0, 0, 0, 0, 0, 0, 0, 0]

English: [18, 2, 188, 0, 0, 0, 0, 0, 0, 0, 0, 0, 0, 0, 0, 0, 0, 0, 0, 0]
Tamil: [2, 1, 3, 0, 0, 0, 0, 0, 0, 0, 0, 0, 0, 0, 0, 0, 0, 0, 0, 0]

English: [11, 7804, 78, 11, 1, 19, 227, 18, 4138, 110, 1, 12, 2, 2537, 0, 0, 0, 0, 0, 0]
Tamil: [2, 1, 1, 1, 1, 1, 2343, 2665, 1, 12700, 1, 1, 1, 3, 0, 0, 0, 0, 0, 0]

English: [1486, 21, 7, 45, 153, 2, 2966, 8, 0, 0, 0, 0, 0, 0, 0, 0, 0, 0, 0, 0]
Tamil: [2, 1, 1, 1, 1, 1, 1, 3, 0, 0, 0, 0, 0, 0, 0, 0, 0, 0, 0, 0]

English: [57, 30, 13, 1, 108, 11, 1, 1, 6, 125, 270, 334, 5026, 1, 14, 564, 0, 0, 0, 0]
Tamil: [2, 1, 1, 1, 1, 1, 1, 1, 1, 1, 1, 1, 1, 1, 3, 0, 0, 0, 0, 0]

English: [2, 860, 259, 65, 1, 17, 0, 0, 0, 0, 0, 0, 0, 0, 0, 0, 0, 0, 0, 0]
Tamil: [2, 1, 1, 1, 1, 1, 3, 0, 0, 0, 0, 0, 0, 0, 0, 0, 0, 0, 0, 0]

English: [47, 10, 134, 8, 745, 480, 2402, 1, 1, 2575, 1, 3261, 7905, 1430, 1, 1714, 1, 1, 1, 3256]
Tamil: [2, 1, 1, 1, 1, 1, 1, 1, 1, 1, 3709, 1, 4699, 6646, 1587, 1, 2345, 1, 1, 1]

English: [204, 7911, 5908, 1, 1, 1, 67, 14, 2, 7261, 12, 2, 2937, 1, 1, 1, 2134, 1, 4, 75]
Tamil: [2, 1, 12846, 1, 1, 1, 1, 1, 1, 1, 1, 1, 1, 1, 2343, 1, 1, 1, 1884, 1]

English: [3, 39, 4, 616, 142, 0, 0, 0, 0, 0, 0, 0, 0, 0, 0, 0, 0, 0, 0, 0]
Tamil: [2, 1, 1, 1, 1, 3, 0, 0, 0, 0, 0, 0, 0, 0, 0, 0, 0, 0, 0, 0]

English: [57, 2, 1, 2, 3329, 2, 2433, 2, 1539, 422, 111, 18, 158, 1, 1776, 0, 0, 0, 0, 0]
Tamil: [2, 1, 1, 1, 1, 1, 1, 1, 1, 1, 1, 1, 1, 1, 1, 1, 3, 0, 0, 0]

English: [2, 318, 113, 53, 14, 69, 1543, 4, 2, 1240, 0, 0, 0, 0, 0, 0, 0, 0, 0, 0]
Tamil: [2, 1, 1, 1, 1, 1, 1, 1, 3, 0, 0, 0, 0, 0, 0, 0, 0, 0, 0, 0]

English: [9, 113, 0, 0, 0, 0, 0, 0, 0, 0, 0, 0, 0, 0, 0, 0, 0, 0, 0, 0]
Tamil: [2, 1, 1, 3, 0, 0, 0, 0, 0, 0, 0, 0, 0, 0, 0, 0, 0, 0, 0, 0]

English: [970, 12, 2804, 11, 248, 244, 1368, 1, 0, 0, 0, 0, 0, 0, 0, 0, 0, 0, 0, 0]
Tamil: [2, 1, 1, 1, 1, 1, 1, 3, 0, 0, 0, 0, 0, 0, 0, 0, 0, 0, 0, 0]

English: [33, 2, 101, 231, 12, 2, 1, 3546, 48, 3397, 43, 173, 4, 441, 128, 1, 0, 0, 0, 0]
Tamil: [2, 1, 1, 1, 1, 1, 1, 1, 1, 1, 1, 1, 1, 1, 3, 0, 0, 0, 0, 0]

English: [46, 57, 33, 35, 521, 6, 609, 9, 183, 0, 0, 0, 0, 0, 0, 0, 0, 0, 0, 0]
Tamil: [2, 1, 1, 1, 1, 1, 1, 1, 1, 3, 0, 0, 0, 0, 0, 0, 0, 0, 0, 0]

English: [2942, 63, 1, 18, 1, 11, 36, 1541, 57, 13, 36, 577, 8, 93, 18, 36, 788, 2386, 8, 1126]
Tamil: [2, 1, 1, 1, 1, 1, 1, 1, 1, 1, 1, 1, 1, 1, 1, 3, 0, 0, 0, 0]

English: [2574, 1, 0, 0, 0, 0, 0, 0, 0, 0, 0, 0, 0, 0, 0, 0, 0, 0, 0, 0]
Tamil: [2, 3708, 1, 3, 0, 0, 0, 0, 0, 0, 0, 0, 0, 0, 0, 0, 0, 0, 0, 0]

English: [53, 43, 6, 148, 12, 78, 38, 13, 49, 0, 0, 0, 0, 0, 0, 0, 0, 0, 0, 0]
Tamil: [2, 1, 1, 1, 1, 1, 3, 0, 0, 0, 0, 0, 0, 0, 0, 0, 0, 0, 0, 0]

English: [67, 8, 13, 354, 0, 0, 0, 0, 0, 0, 0, 0, 0, 0, 0, 0, 0, 0, 0, 0]
Tamil: [2, 1, 1, 1, 3, 0, 0, 0, 0, 0, 0, 0, 0, 0, 0, 0, 0, 0, 0, 0]

English: [11, 6, 315, 352, 75, 78, 54, 27, 1, 0, 0, 0, 0, 0, 0, 0, 0, 0, 0, 0]
Tamil: [2, 1, 1, 1, 1, 1, 1, 1, 1, 1, 1, 3, 0, 0, 0, 0, 0, 0, 0, 0]

English: [9, 113, 3, 31, 45, 46, 105, 1, 140, 29, 60, 251, 3, 45, 48, 3, 130, 808, 87, 82]
Tamil: [2, 1, 1, 1, 1, 1, 1, 1, 1, 1, 1, 1, 1, 1, 1, 1, 1, 3, 0, 0]

English: [6, 1, 1132, 4949, 2, 1, 5251, 11, 2038, 479, 2053, 6, 100, 0, 0, 0, 0, 0, 0, 0]
Tamil: [2, 1, 1, 1, 1, 1, 1, 1, 1, 1, 1, 1, 1, 3, 0, 0, 0, 0, 0, 0]

English: [25, 68, 21, 185, 266, 0, 0, 0, 0, 0, 0, 0, 0, 0, 0, 0, 0, 0, 0, 0]
Tamil: [2, 1, 1, 1, 1, 3, 0, 0, 0, 0, 0, 0, 0, 0, 0, 0, 0, 0, 0, 0]

English: [1, 1631, 1, 1, 1, 985, 11, 6, 3623, 38, 1, 11, 1, 11, 1, 6927, 1, 1574, 0, 0]
Tamil: [2, 1, 1, 1, 1, 1, 1, 1, 1, 1, 1, 1, 1, 3, 0, 0, 0, 0, 0, 0]

English: [2, 3737, 349, 1, 4536, 18, 2, 1, 3159, 12, 742, 2477, 28, 319, 2, 239, 57, 4, 120, 2]
Tamil: [2, 1, 1, 1, 1, 1, 1, 2343, 1, 1, 1, 1, 1, 1, 1, 1, 1, 1, 1, 1]

English: [50, 227, 323, 373, 4, 174, 4, 20, 55, 2, 2537, 298, 50, 230, 8, 2, 308, 601, 16, 1372]
Tamil: [2, 1, 1, 1, 12700, 1, 1, 1, 1, 1, 1, 1, 6626, 1, 1, 1, 1, 1, 1, 3]

English: [3932, 1, 32, 36, 5461, 209, 882, 11, 1, 412, 1, 0, 0, 0, 0, 0, 0, 0, 0, 0]
Tamil: [2, 1, 1, 1, 1, 1, 1, 2345, 2347, 1, 1, 1, 6628, 2347, 3, 0, 0, 0, 0, 0]

English: [2, 1998, 12, 36, 1, 54, 1, 81, 1917, 7, 0, 0, 0, 0, 0, 0, 0, 0, 0, 0]
Tamil: [2, 1, 1, 1, 1, 1, 1, 3, 0, 0, 0, 0, 0, 0, 0, 0, 0, 0, 0, 0]

English: [30, 17, 2846, 6, 1, 1, 54, 27, 1007, 11, 1, 2, 1408, 12, 1368, 0, 0, 0, 0, 0]
Tamil: [2, 1, 1, 1, 1, 1, 1, 1, 1, 1, 3, 0, 0, 0, 0, 0, 0, 0, 0, 0]

English: [1, 3133, 0, 0, 0, 0, 0, 0, 0, 0, 0, 0, 0, 0, 0, 0, 0, 0, 0, 0]
Tamil: [2, 1, 1, 1, 3, 0, 0, 0, 0, 0, 0, 0, 0, 0, 0, 0, 0, 0, 0, 0]

English: [72, 28, 2, 2472, 0, 0, 0, 0, 0, 0, 0, 0, 0, 0, 0, 0, 0, 0, 0, 0]
Tamil: [2, 1, 1, 3, 0, 0, 0, 0, 0, 0, 0, 0, 0, 0, 0, 0, 0, 0, 0, 0]

English: [149, 29, 442, 0, 0, 0, 0, 0, 0, 0, 0, 0, 0, 0, 0, 0, 0, 0, 0, 0]
Tamil: [2, 1, 1, 3, 0, 0, 0, 0, 0, 0, 0, 0, 0, 0, 0, 0, 0, 0, 0, 0]

English: [1, 7157, 7776, 3531, 1, 1, 8, 6, 1160, 1032, 1, 7776, 7157, 1, 4088, 11, 1, 0, 0, 0]
Tamil: [2, 1, 1, 1, 1, 1, 1, 1, 1, 1, 1, 1, 1, 1, 1, 1, 1, 3, 0, 0]

English: [26, 353, 55, 34, 3, 45, 0, 0, 0, 0, 0, 0, 0, 0, 0, 0, 0, 0, 0, 0]
Tamil: [2, 1, 1, 1, 1, 3, 0, 0, 0, 0, 0, 0, 0, 0, 0, 0, 0, 0, 0, 0]

English: [1, 1970, 16, 1419, 1, 364, 38, 6, 70, 274, 565, 48, 9, 146, 13, 24, 235, 227, 288, 1]
Tamil: [2, 1, 1, 1, 1, 1, 1, 1, 1, 1, 1, 1, 1, 1, 1, 12700, 1, 1, 1, 1]

English: [118, 97, 33, 334, 1, 7298, 0, 0, 0, 0, 0, 0, 0, 0, 0, 0, 0, 0, 0, 0]
Tamil: [2, 1, 1, 1, 1, 1, 3, 0, 0, 0, 0, 0, 0, 0, 0, 0, 0, 0, 0, 0]

English: [1, 1, 0, 0, 0, 0, 0, 0, 0, 0, 0, 0, 0, 0, 0, 0, 0, 0, 0, 0]
Tamil: [2, 1, 1, 3, 0, 0, 0, 0, 0, 0, 0, 0, 0, 0, 0, 0, 0, 0, 0, 0]

English: [10, 61, 6, 1, 1, 1, 1, 4142, 6, 1, 3613, 1070, 32, 2391, 3007, 18, 6, 1, 491, 1070]
Tamil: [2, 1, 1, 1, 1, 1, 1, 1, 1, 1, 1, 1, 1, 1, 1, 1, 3, 0, 0, 0]

English: [48, 3, 415, 73, 4, 7212, 1, 1, 122, 50, 1636, 20, 48, 3, 81, 116, 0, 0, 0, 0]
Tamil: [2, 1, 1, 1, 1, 1, 1, 1, 1, 1, 1, 1, 1, 1, 3, 0, 0, 0, 0, 0]

English: [413, 50, 414, 1077, 572, 0, 0, 0, 0, 0, 0, 0, 0, 0, 0, 0, 0, 0, 0, 0]
Tamil: [2, 1, 1, 1, 1, 3, 0, 0, 0, 0, 0, 0, 0, 0, 0, 0, 0, 0, 0, 0]

English: [961, 2, 1977, 2691, 0, 0, 0, 0, 0, 0, 0, 0, 0, 0, 0, 0, 0, 0, 0, 0]
Tamil: [2, 1, 1, 1, 1, 3, 0, 0, 0, 0, 0, 0, 0, 0, 0, 0, 0, 0, 0, 0]

English: [1, 1, 1, 2, 1, 11, 2, 1356, 12, 6623, 1, 1, 1631, 1, 1, 61, 79, 5197, 4, 682]
Tamil: [2, 1, 1, 1, 1, 1, 1, 1, 1, 1, 1, 1, 1, 1, 1, 1, 1, 1, 3, 0]

English: [105, 893, 6, 1, 2106, 4, 27, 1306, 4, 267, 0, 0, 0, 0, 0, 0, 0, 0, 0, 0]
Tamil: [2, 1, 1, 1, 1, 1, 1, 1, 1, 1, 3, 0, 0, 0, 0, 0, 0, 0, 0, 0]

English: [2, 670, 4814, 4, 2081, 642, 59, 6, 860, 13, 1, 8, 6, 2883, 0, 0, 0, 0, 0, 0]
Tamil: [2, 1, 1, 1, 1, 1, 1, 1, 1, 1, 1, 1, 1, 3, 0, 0, 0, 0, 0, 0]

English: [2, 2715, 12, 2, 1663, 8, 4254, 18, 2, 1, 122, 8, 73, 30, 88, 0, 0, 0, 0, 0]
Tamil: [2, 1, 1, 1, 1, 1, 1, 1, 1, 1, 3, 0, 0, 0, 0, 0, 0, 0, 0, 0]

English: [7, 133, 10, 423, 0, 0, 0, 0, 0, 0, 0, 0, 0, 0, 0, 0, 0, 0, 0, 0]
Tamil: [2, 1, 1, 3, 0, 0, 0, 0, 0, 0, 0, 0, 0, 0, 0, 0, 0, 0, 0, 0]

English: [8, 2, 546, 1, 63, 410, 0, 0, 0, 0, 0, 0, 0, 0, 0, 0, 0, 0, 0, 0]
Tamil: [2, 1, 1, 1, 1, 3, 0, 0, 0, 0, 0, 0, 0, 0, 0, 0, 0, 0, 0, 0]

English: [318, 19, 1561, 139, 1537, 4761, 0, 0, 0, 0, 0, 0, 0, 0, 0, 0, 0, 0, 0, 0]
Tamil: [2, 1, 4694, 1, 1, 1, 1, 3, 0, 0, 0, 0, 0, 0, 0, 0, 0, 0, 0, 0]

English: [1, 1, 1, 1, 1, 5954, 4423, 0, 0, 0, 0, 0, 0, 0, 0, 0, 0, 0, 0, 0]
Tamil: [2, 1, 1, 1, 1, 1, 1, 1, 3, 0, 0, 0, 0, 0, 0, 0, 0, 0, 0, 0]

English: [51, 50, 196, 89, 237, 0, 0, 0, 0, 0, 0, 0, 0, 0, 0, 0, 0, 0, 0, 0]
Tamil: [2, 1, 1, 1, 1, 1, 3, 0, 0, 0, 0, 0, 0, 0, 0, 0, 0, 0, 0, 0]

English: [57, 47, 6, 1519, 1, 1226, 19, 186, 128, 567, 11, 1, 18, 24, 1, 0, 0, 0, 0, 0]
Tamil: [2, 1, 1, 1, 1, 1, 1, 1, 1, 1, 1, 1, 3, 0, 0, 0, 0, 0, 0, 0]

English: [220, 2, 718, 0, 0, 0, 0, 0, 0, 0, 0, 0, 0, 0, 0, 0, 0, 0, 0, 0]
Tamil: [2, 1, 1, 3, 0, 0, 0, 0, 0, 0, 0, 0, 0, 0, 0, 0, 0, 0, 0, 0]

English: [1368, 8, 60, 12, 2, 1485, 1, 7776, 872, 11, 2, 248, 1, 1, 1, 1, 0, 0, 0, 0]
Tamil: [2, 1, 1, 1, 1, 1, 1, 1, 1, 1, 1, 1, 1, 3, 0, 0, 0, 0, 0, 0]

English: [2, 419, 61, 2784, 75, 91, 1, 7687, 0, 0, 0, 0, 0, 0, 0, 0, 0, 0, 0, 0]
Tamil: [2, 1, 1, 1, 1, 1, 1, 1, 1, 3, 0, 0, 0, 0, 0, 0, 0, 0, 0, 0]

English: [9, 8, 1, 1, 38, 1, 11, 1, 0, 0, 0, 0, 0, 0, 0, 0, 0, 0, 0, 0]
Tamil: [2, 1, 1, 1, 1, 1, 1, 1, 3, 0, 0, 0, 0, 0, 0, 0, 0, 0, 0, 0]

English: [3509, 121, 2913, 682, 24, 1, 364, 4, 640, 1, 358, 47, 4813, 1, 18, 1, 0, 0, 0, 0]
Tamil: [2, 1, 1, 1, 1, 1, 1, 1, 1, 1, 1, 1, 1, 1, 1, 1, 3, 0, 0, 0]

English: [2, 1, 4258, 1, 1, 18, 1, 11, 1800, 1878, 18, 1, 0, 0, 0, 0, 0, 0, 0, 0]
Tamil: [2, 1, 1, 1, 1, 1, 1, 1, 1, 1, 1, 1, 3, 0, 0, 0, 0, 0, 0, 0]

English: [3, 31, 19, 155, 358, 6997, 0, 0, 0, 0, 0, 0, 0, 0, 0, 0, 0, 0, 0, 0]
Tamil: [2, 1, 1, 1, 1, 1, 3, 0, 0, 0, 0, 0, 0, 0, 0, 0, 0, 0, 0, 0]

English: [2920, 8, 874, 4, 27, 2, 1, 12, 63, 2454, 2999, 57, 2053, 66, 1273, 4282, 1957, 54, 205, 6]
Tamil: [2, 1, 1, 1, 1, 1, 1, 1, 1, 1, 1, 1, 1, 1, 1, 1, 1, 1, 1, 1]

English: [2, 931, 18, 1, 28, 732, 4, 2, 3613, 2208, 4618, 6, 1, 1, 1, 0, 0, 0, 0, 0]
Tamil: [2, 1, 1, 1, 1, 1, 1, 1, 1, 1, 1, 3, 0, 0, 0, 0, 0, 0, 0, 0]

English: [10, 8, 7604, 30, 1, 1, 0, 0, 0, 0, 0, 0, 0, 0, 0, 0, 0, 0, 0, 0]
Tamil: [2, 1, 1, 1, 1, 1, 1, 3, 0, 0, 0, 0, 0, 0, 0, 0, 0, 0, 0, 0]

English: [184, 8, 29, 6, 93, 108, 104, 407, 78, 196, 16, 2, 3392, 12, 2, 108, 18, 220, 2, 228]
Tamil: [2, 1, 1, 1, 1, 1, 1, 1, 1, 1, 1, 1, 1, 1, 2343, 1, 1, 1, 3, 0]

English: [50, 63, 183, 49, 4, 305, 20, 4, 2, 5969, 18, 413, 104, 66, 1, 305, 20, 4, 1560, 4]
Tamil: [2, 1, 1, 1, 1, 1, 1, 1, 1, 1, 1, 1, 1, 1, 1, 1, 1, 1, 1, 1]

English: [38, 2, 6927, 1503, 1, 1, 1, 1, 1, 1, 1, 18, 7157, 1, 63, 2824, 11, 17, 408, 0]
Tamil: [2, 1, 1, 1, 1, 1, 1, 1, 1, 1, 1, 1, 1, 1, 1, 1, 3, 0, 0, 0]

English: [1, 8, 6, 374, 2653, 1, 0, 0, 0, 0, 0, 0, 0, 0, 0, 0, 0, 0, 0, 0]
Tamil: [2, 1, 1, 1, 1, 1, 1, 3, 0, 0, 0, 0, 0, 0, 0, 0, 0, 0, 0, 0]

English: [11, 2, 936, 12, 2913, 519, 1, 30, 2, 1, 9, 1038, 55, 6, 156, 12, 159, 13, 511, 2366]
Tamil: [2, 1, 1, 1, 4692, 2665, 1, 1, 1, 1, 1, 1, 1, 1, 1, 1, 1, 1, 1, 1]

English: [1240, 2, 1, 12, 1, 178, 8, 4, 165, 1, 18, 1, 1, 18, 1474, 142, 59, 279, 1, 0]
Tamil: [2, 1, 1, 1, 1, 1, 1, 1, 1, 1, 1, 1, 2343, 1, 1, 3, 0, 0, 0, 0]

English: [260, 69, 60, 11, 2, 3317, 13, 61, 198, 30, 2, 1099, 0, 0, 0, 0, 0, 0, 0, 0]
Tamil: [2, 1, 1, 1, 1, 1, 1, 3, 0, 0, 0, 0, 0, 0, 0, 0, 0, 0, 0, 0]

English: [29, 104, 76, 23, 2246, 2, 863, 51, 23, 183, 2674, 4, 1341, 614, 0, 0, 0, 0, 0, 0]
Tamil: [2, 1, 1, 1, 1, 1, 1, 1, 1, 1, 1, 3, 0, 0, 0, 0, 0, 0, 0, 0]

English: [2, 1, 18, 7836, 628, 12, 182, 14, 70, 560, 51, 3, 85, 86, 75, 7813, 18, 2402, 11, 17]
Tamil: [2, 1, 1, 6626, 1, 12719, 1, 1, 1, 1, 1, 1, 1, 1, 1, 1, 1, 1, 3, 0]

English: [51, 15, 5026, 1201, 680, 20, 441, 2, 156, 202, 143, 57, 3, 1, 15, 1, 18, 14, 1, 11]
Tamil: [2, 1, 1, 1, 1, 1, 1, 1, 1, 1, 1, 1, 1, 1, 1, 1, 1, 1, 1, 1]

English: [260, 69, 1, 69, 1, 0, 0, 0, 0, 0, 0, 0, 0, 0, 0, 0, 0, 0, 0, 0]
Tamil: [2, 1, 1, 1, 1, 3, 0, 0, 0, 0, 0, 0, 0, 0, 0, 0, 0, 0, 0, 0]

English: [51, 3, 68, 62, 155, 2472, 0, 0, 0, 0, 0, 0, 0, 0, 0, 0, 0, 0, 0, 0]
Tamil: [2, 1, 1, 1, 1, 3, 0, 0, 0, 0, 0, 0, 0, 0, 0, 0, 0, 0, 0, 0]

English: [9, 42, 7222, 0, 0, 0, 0, 0, 0, 0, 0, 0, 0, 0, 0, 0, 0, 0, 0, 0]
Tamil: [2, 1, 1, 1, 3, 0, 0, 0, 0, 0, 0, 0, 0, 0, 0, 0, 0, 0, 0, 0]

English: [3471, 129, 53, 43, 180, 1, 12, 2715, 0, 0, 0, 0, 0, 0, 0, 0, 0, 0, 0, 0]
Tamil: [2, 1, 1, 1, 1, 1, 1, 1, 3, 0, 0, 0, 0, 0, 0, 0, 0, 0, 0, 0]

English: [3, 74, 406, 0, 0, 0, 0, 0, 0, 0, 0, 0, 0, 0, 0, 0, 0, 0, 0, 0]
Tamil: [2, 1, 1, 1, 3, 0, 0, 0, 0, 0, 0, 0, 0, 0, 0, 0, 0, 0, 0, 0]

English: [6, 190, 75, 6337, 0, 0, 0, 0, 0, 0, 0, 0, 0, 0, 0, 0, 0, 0, 0, 0]
Tamil: [2, 1, 1, 1, 3, 0, 0, 0, 0, 0, 0, 0, 0, 0, 0, 0, 0, 0, 0, 0]

English: [1935, 637, 11, 3774, 1861, 0, 0, 0, 0, 0, 0, 0, 0, 0, 0, 0, 0, 0, 0, 0]
Tamil: [2, 1, 1, 1, 1, 1, 3, 0, 0, 0, 0, 0, 0, 0, 0, 0, 0, 0, 0, 0]

English: [17, 14, 2471, 11, 1, 0, 0, 0, 0, 0, 0, 0, 0, 0, 0, 0, 0, 0, 0, 0]
Tamil: [2, 1, 1, 1, 3, 0, 0, 0, 0, 0, 0, 0, 0, 0, 0, 0, 0, 0, 0, 0]

English: [16, 2106, 110, 137, 366, 66, 2102, 113, 13, 77, 1, 6707, 4696, 1, 64, 1, 2, 1248, 702, 365]
Tamil: [2, 1, 1, 1, 1, 1, 3705, 1, 1, 1, 1, 1, 1, 1, 1, 1, 1, 1, 1, 1]

English: [3, 995, 3, 151, 6, 575, 0, 0, 0, 0, 0, 0, 0, 0, 0, 0, 0, 0, 0, 0]
Tamil: [2, 1, 1, 1, 1, 3, 0, 0, 0, 0, 0, 0, 0, 0, 0, 0, 0, 0, 0, 0]

English: [53, 28, 180, 654, 1, 11, 2, 100, 1, 3137, 18, 2683, 0, 0, 0, 0, 0, 0, 0, 0]
Tamil: [2, 1, 1, 1, 1, 1, 1, 1, 1, 3, 0, 0, 0, 0, 0, 0, 0, 0, 0, 0]

English: [21, 7, 82, 2, 2481, 0, 0, 0, 0, 0, 0, 0, 0, 0, 0, 0, 0, 0, 0, 0]
Tamil: [2, 1, 1, 3, 0, 0, 0, 0, 0, 0, 0, 0, 0, 0, 0, 0, 0, 0, 0, 0]

English: [1, 1, 7130, 6, 1, 77, 569, 13, 9, 240, 4039, 1631, 1, 1, 123, 829, 102, 270, 0, 0]
Tamil: [2, 1, 1, 1, 1, 1, 1, 1, 1, 1, 1, 1, 1, 1, 1, 1, 1, 1, 3, 0]

English: [1, 1, 0, 0, 0, 0, 0, 0, 0, 0, 0, 0, 0, 0, 0, 0, 0, 0, 0, 0]
Tamil: [2, 1, 1, 3, 0, 0, 0, 0, 0, 0, 0, 0, 0, 0, 0, 0, 0, 0, 0, 0]

English: [542, 1, 1, 0, 0, 0, 0, 0, 0, 0, 0, 0, 0, 0, 0, 0, 0, 0, 0, 0]
Tamil: [2, 1, 1, 1, 1, 3, 0, 0, 0, 0, 0, 0, 0, 0, 0, 0, 0, 0, 0, 0]

English: [3900, 3005, 1, 1, 1, 1, 4007, 1, 3560, 1, 1788, 0, 0, 0, 0, 0, 0, 0, 0, 0]
Tamil: [2, 1, 1, 1, 1, 1, 1, 1, 1, 1, 1, 1, 3, 0, 0, 0, 0, 0, 0, 0]

English: [2, 1, 30, 773, 11, 2, 993, 61, 982, 213, 2, 1, 12, 110, 6675, 0, 0, 0, 0, 0]
Tamil: [2, 1, 1, 1, 1, 1, 1, 1, 1, 1, 3, 0, 0, 0, 0, 0, 0, 0, 0, 0]

English: [413, 2, 1, 911, 113, 4, 2, 390, 34, 19, 7, 247, 2, 1254, 113, 1461, 2482, 20, 18, 113]
Tamil: [2, 1, 1, 1, 1, 1, 1, 1, 1, 1, 1, 1, 1, 1, 1, 1, 1, 1, 3, 0]

English: [1, 2152, 0, 0, 0, 0, 0, 0, 0, 0, 0, 0, 0, 0, 0, 0, 0, 0, 0, 0]
Tamil: [2, 1, 1, 3, 0, 0, 0, 0, 0, 0, 0, 0, 0, 0, 0, 0, 0, 0, 0, 0]

English: [34, 21, 78, 71, 0, 0, 0, 0, 0, 0, 0, 0, 0, 0, 0, 0, 0, 0, 0, 0]
Tamil: [2, 1, 1, 1, 3, 0, 0, 0, 0, 0, 0, 0, 0, 0, 0, 0, 0, 0, 0, 0]

English: [1234, 142, 0, 0, 0, 0, 0, 0, 0, 0, 0, 0, 0, 0, 0, 0, 0, 0, 0, 0]
Tamil: [2, 1, 1, 3, 0, 0, 0, 0, 0, 0, 0, 0, 0, 0, 0, 0, 0, 0, 0, 0]

English: [478, 61, 128, 1108, 0, 0, 0, 0, 0, 0, 0, 0, 0, 0, 0, 0, 0, 0, 0, 0]
Tamil: [2, 1, 1, 1, 1, 1, 1, 3, 0, 0, 0, 0, 0, 0, 0, 0, 0, 0, 0, 0]

English: [15, 1, 6900, 229, 1, 11, 1, 1, 6985, 6, 5458, 1032, 12, 1694, 334, 1, 1, 1, 1, 0]
Tamil: [2, 1, 1, 1, 1, 1, 1, 1, 1, 1, 1, 2343, 1, 1, 1, 1, 1, 1, 1, 1]

English: [1, 140, 1, 459, 8, 2, 1363, 459, 11, 2, 1, 6927, 12, 1, 1368, 0, 0, 0, 0, 0]
Tamil: [2, 1, 1, 1, 1, 1, 1, 1, 1, 1, 1, 1, 1, 1, 3, 0, 0, 0, 0, 0]

English: [51, 260, 6, 1457, 0, 0, 0, 0, 0, 0, 0, 0, 0, 0, 0, 0, 0, 0, 0, 0]
Tamil: [2, 1, 1, 1, 1, 1, 3, 0, 0, 0, 0, 0, 0, 0, 0, 0, 0, 0, 0, 0]

English: [9, 61, 786, 6918, 1, 3258, 1, 4, 1663, 836, 1, 12, 1595, 1368, 1, 0, 0, 0, 0, 0]
Tamil: [2, 1, 1, 1, 1, 1, 2343, 1, 1, 1, 4697, 1, 1, 1, 3, 0, 0, 0, 0, 0]

English: [75, 91, 1715, 78, 19, 328, 0, 0, 0, 0, 0, 0, 0, 0, 0, 0, 0, 0, 0, 0]
Tamil: [2, 1, 1, 1, 1, 1, 3, 0, 0, 0, 0, 0, 0, 0, 0, 0, 0, 0, 0, 0]

English: [1315, 28, 1233, 16, 2, 2860, 1, 1, 0, 0, 0, 0, 0, 0, 0, 0, 0, 0, 0, 0]
Tamil: [2, 1, 1, 1, 1, 1, 1, 3, 0, 0, 0, 0, 0, 0, 0, 0, 0, 0, 0, 0]

English: [2, 1, 1, 1, 54, 27, 2, 145, 1, 4, 27, 3853, 11, 2, 2937, 1499, 0, 0, 0, 0]
Tamil: [2, 1, 1, 1, 1, 1, 1, 1, 1, 1, 1, 1, 3, 0, 0, 0, 0, 0, 0, 0]

English: [3, 786, 216, 6, 314, 12, 1, 0, 0, 0, 0, 0, 0, 0, 0, 0, 0, 0, 0, 0]
Tamil: [2, 1, 1, 1, 1, 1, 1, 3, 0, 0, 0, 0, 0, 0, 0, 0, 0, 0, 0, 0]

English: [2, 4203, 1, 1, 13, 139, 1, 11, 1, 2285, 42, 1, 13, 154, 142, 1219, 4, 306, 0, 0]
Tamil: [2, 1, 1, 1, 1, 1, 1, 1, 1, 1, 1, 1, 1, 2665, 1, 1, 1, 3, 0, 0]

English: [2200, 1, 0, 0, 0, 0, 0, 0, 0, 0, 0, 0, 0, 0, 0, 0, 0, 0, 0, 0]
Tamil: [2, 3118, 1, 3, 0, 0, 0, 0, 0, 0, 0, 0, 0, 0, 0, 0, 0, 0, 0, 0]

English: [46, 6, 2329, 1255, 6, 1, 1, 11, 2, 6668, 885, 163, 37, 6, 1, 12, 2735, 18, 27, 2761]
Tamil: [2, 1, 1, 1, 1, 1, 1, 1, 1, 1, 1, 1, 1, 2343, 1, 1, 1, 1, 1, 3]

English: [2, 965, 42, 1094, 16, 488, 30, 60, 628, 18, 430, 18, 188, 30, 2, 158, 0, 0, 0, 0]
Tamil: [2, 1, 1, 1, 1, 1, 1, 1, 1, 1, 1, 1, 1, 3, 0, 0, 0, 0, 0, 0]

English: [17, 8, 29, 294, 38, 63, 0, 0, 0, 0, 0, 0, 0, 0, 0, 0, 0, 0, 0, 0]
Tamil: [2, 1, 1, 1, 1, 1, 3, 0, 0, 0, 0, 0, 0, 0, 0, 0, 0, 0, 0, 0]

English: [4013, 11, 1, 643, 0, 0, 0, 0, 0, 0, 0, 0, 0, 0, 0, 0, 0, 0, 0, 0]
Tamil: [2, 1, 1, 1, 1, 3, 0, 0, 0, 0, 0, 0, 0, 0, 0, 0, 0, 0, 0, 0]

English: [1, 1, 61, 113, 13, 1671, 4, 2, 3308, 18, 3057, 12, 102, 1618, 1631, 1, 1, 1, 1, 8]
Tamil: [2, 1, 1, 1, 1, 1, 1, 6626, 1, 1, 1, 1, 1, 1, 1, 1, 1, 1, 1, 1]

English: [6401, 532, 55, 2, 3370, 24, 172, 1, 30, 24, 235, 11, 24, 1, 3815, 7421, 0, 0, 0, 0]
Tamil: [2, 1, 1, 1, 1, 1, 1, 1, 1, 1, 1, 1, 1, 1, 1, 1, 3, 0, 0, 0]

English: [11, 13, 3862, 217, 429, 54, 27, 2463, 4, 1282, 77, 2001, 1, 140, 1, 0, 0, 0, 0, 0]
Tamil: [2, 1, 1, 1, 1, 1, 1, 1, 1, 1, 1, 1, 3, 0, 0, 0, 0, 0, 0, 0]

English: [3, 1, 145, 0, 0, 0, 0, 0, 0, 0, 0, 0, 0, 0, 0, 0, 0, 0, 0, 0]
Tamil: [2, 1, 1, 1, 1, 3, 0, 0, 0, 0, 0, 0, 0, 0, 0, 0, 0, 0, 0, 0]

English: [51, 3, 476, 247, 185, 379, 0, 0, 0, 0, 0, 0, 0, 0, 0, 0, 0, 0, 0, 0]
Tamil: [2, 1, 1, 1, 1, 3, 0, 0, 0, 0, 0, 0, 0, 0, 0, 0, 0, 0, 0, 0]

English: [9, 113, 2, 253, 1757, 12, 1325, 64, 95, 271, 30, 2406, 3257, 0, 0, 0, 0, 0, 0, 0]
Tamil: [2, 1, 1, 2343, 1, 1, 3116, 1, 1, 1, 1, 3, 0, 0, 0, 0, 0, 0, 0, 0]

English: [3, 19, 69, 6997, 4, 586, 1, 1, 0, 0, 0, 0, 0, 0, 0, 0, 0, 0, 0, 0]
Tamil: [2, 1, 1, 1, 1, 1, 1, 1, 1, 3, 0, 0, 0, 0, 0, 0, 0, 0, 0, 0]

English: [76, 7, 306, 0, 0, 0, 0, 0, 0, 0, 0, 0, 0, 0, 0, 0, 0, 0, 0, 0]
Tamil: [2, 1, 1, 3, 0, 0, 0, 0, 0, 0, 0, 0, 0, 0, 0, 0, 0, 0, 0, 0]

English: [1, 1, 1, 1, 1, 1345, 1, 1, 1, 1, 0, 0, 0, 0, 0, 0, 0, 0, 0, 0]
Tamil: [2, 1, 1, 1, 1, 1, 1, 1, 1, 1, 1, 3, 0, 0, 0, 0, 0, 0, 0, 0]

English: [25, 28, 2, 737, 67, 6836, 142, 0, 0, 0, 0, 0, 0, 0, 0, 0, 0, 0, 0, 0]
Tamil: [2, 1, 1, 1, 1, 3, 0, 0, 0, 0, 0, 0, 0, 0, 0, 0, 0, 0, 0, 0]

English: [2, 139, 872, 19, 432, 4, 1816, 3119, 11, 1, 1, 0, 0, 0, 0, 0, 0, 0, 0, 0]
Tamil: [2, 1, 1, 1, 1, 1, 1, 1, 1, 1, 3, 0, 0, 0, 0, 0, 0, 0, 0, 0]

English: [57, 2, 604, 8, 7540, 0, 0, 0, 0, 0, 0, 0, 0, 0, 0, 0, 0, 0, 0, 0]
Tamil: [2, 1, 1, 1, 1, 1, 3, 0, 0, 0, 0, 0, 0, 0, 0, 0, 0, 0, 0, 0]

English: [51, 3, 71, 17, 1, 8, 266, 0, 0, 0, 0, 0, 0, 0, 0, 0, 0, 0, 0, 0]
Tamil: [2, 1, 1, 1, 1, 1, 1, 3, 0, 0, 0, 0, 0, 0, 0, 0, 0, 0, 0, 0]

English: [2, 3744, 12, 1, 3916, 8, 4, 1, 2, 1, 1099, 1, 11, 2, 1461, 12, 78, 2981, 18, 3531]
Tamil: [2, 1, 1, 1, 1, 1, 1, 1, 1, 1, 1, 1, 1, 1, 1, 1, 1, 1, 1, 1]

English: [9, 42, 79, 1, 30, 24, 1119, 0, 0, 0, 0, 0, 0, 0, 0, 0, 0, 0, 0, 0]
Tamil: [2, 1, 1, 1, 1, 3, 0, 0, 0, 0, 0, 0, 0, 0, 0, 0, 0, 0, 0, 0]

English: [1240, 1594, 61, 586, 75, 1, 11, 1, 1, 1, 1, 1, 13, 89, 77, 1, 101, 231, 0, 0]
Tamil: [2, 1, 1, 1, 4688, 1, 1, 1, 1, 1, 1, 1, 1, 1, 1, 1, 1, 1, 3, 0]

English: [50, 54, 92, 7, 0, 0, 0, 0, 0, 0, 0, 0, 0, 0, 0, 0, 0, 0, 0, 0]
Tamil: [2, 1, 1, 1, 1, 3, 0, 0, 0, 0, 0, 0, 0, 0, 0, 0, 0, 0, 0, 0]

English: [25, 548, 13, 11, 370, 0, 0, 0, 0, 0, 0, 0, 0, 0, 0, 0, 0, 0, 0, 0]
Tamil: [2, 1, 1, 1, 1, 3, 0, 0, 0, 0, 0, 0, 0, 0, 0, 0, 0, 0, 0, 0]

English: [220, 2568, 0, 0, 0, 0, 0, 0, 0, 0, 0, 0, 0, 0, 0, 0, 0, 0, 0, 0]
Tamil: [2, 1, 1, 3, 0, 0, 0, 0, 0, 0, 0, 0, 0, 0, 0, 0, 0, 0, 0, 0]

English: [318, 19, 1561, 1, 78, 11, 3126, 32, 2, 780, 0, 0, 0, 0, 0, 0, 0, 0, 0, 0]
Tamil: [2, 1, 1, 1, 1, 1, 1, 1, 3, 0, 0, 0, 0, 0, 0, 0, 0, 0, 0, 0]

English: [3, 31, 39, 13, 0, 0, 0, 0, 0, 0, 0, 0, 0, 0, 0, 0, 0, 0, 0, 0]
Tamil: [2, 1, 1, 3, 0, 0, 0, 0, 0, 0, 0, 0, 0, 0, 0, 0, 0, 0, 0, 0]

English: [1, 18, 1, 196, 372, 4, 817, 3989, 70, 119, 48, 24, 4098, 43, 1183, 16, 63, 2, 1, 12]
Tamil: [2, 1, 1, 1, 1, 1, 1, 1, 1, 1, 1, 1, 1, 1, 1, 1, 1, 1, 3, 0]

English: [33, 1542, 73, 4, 27, 389, 0, 0, 0, 0, 0, 0, 0, 0, 0, 0, 0, 0, 0, 0]
Tamil: [2, 1, 1, 1, 1, 1, 3, 0, 0, 0, 0, 0, 0, 0, 0, 0, 0, 0, 0, 0]

English: [103, 102, 145, 278, 536, 213, 59, 1, 50, 64, 69, 474, 19, 24, 1327, 4, 27, 933, 885, 62]
Tamil: [2, 1, 1, 1, 1, 1, 1, 1, 1, 1, 1, 1, 1, 1, 1, 1, 1, 1, 3, 0]

English: [6725, 19, 4, 1374, 0, 0, 0, 0, 0, 0, 0, 0, 0, 0, 0, 0, 0, 0, 0, 0]
Tamil: [2, 1, 1, 1, 3, 0, 0, 0, 0, 0, 0, 0, 0, 0, 0, 0, 0, 0, 0, 0]

English: [141, 34, 7, 39, 0, 0, 0, 0, 0, 0, 0, 0, 0, 0, 0, 0, 0, 0, 0, 0]
Tamil: [2, 1, 1, 1, 1, 1, 3, 0, 0, 0, 0, 0, 0, 0, 0, 0, 0, 0, 0, 0]

English: [446, 20, 17, 340, 4282, 4383, 0, 0, 0, 0, 0, 0, 0, 0, 0, 0, 0, 0, 0, 0]
Tamil: [2, 1, 1, 1, 1, 1, 3, 0, 0, 0, 0, 0, 0, 0, 0, 0, 0, 0, 0, 0]

English: [4236, 12, 666, 2338, 38, 1, 38, 6, 873, 12, 1, 1, 61, 79, 4253, 0, 0, 0, 0, 0]
Tamil: [2, 1, 1, 1, 1, 1, 1, 1, 1, 1, 3, 0, 0, 0, 0, 0, 0, 0, 0, 0]

English: [118, 10, 0, 0, 0, 0, 0, 0, 0, 0, 0, 0, 0, 0, 0, 0, 0, 0, 0, 0]
Tamil: [2, 1, 3, 0, 0, 0, 0, 0, 0, 0, 0, 0, 0, 0, 0, 0, 0, 0, 0, 0]

English: [139, 1, 19, 5820, 4, 17, 123, 0, 0, 0, 0, 0, 0, 0, 0, 0, 0, 0, 0, 0]
Tamil: [2, 1, 1, 1, 1, 1, 1, 3, 0, 0, 0, 0, 0, 0, 0, 0, 0, 0, 0, 0]

English: [51, 48, 50, 7022, 7, 31, 755, 55, 58, 140, 34, 4, 129, 7, 54, 27, 1584, 34, 4, 129]
Tamil: [2, 1, 1, 1, 1, 1, 1, 1, 1, 1, 1, 1, 1, 1, 1, 1, 1, 1, 1, 1]

English: [16, 66, 1, 313, 12, 1, 2, 320, 1, 14, 2784, 77, 2, 1, 2537, 18, 1, 1958, 12, 125]
Tamil: [2, 1, 2665, 1, 1, 1, 1, 1, 1884, 1, 1, 1, 1, 1, 6626, 1, 1, 2343, 1, 1]

English: [10, 14, 134, 272, 4, 914, 20, 13, 3, 19, 66, 1, 400, 18, 13, 105, 29, 74, 6, 1]
Tamil: [2, 1, 1, 1, 1, 1, 1, 1, 1, 1, 1, 1, 1, 1, 1, 1, 1, 1, 3, 0]

English: [16, 2106, 46, 6, 339, 605, 13, 6, 339, 151, 2, 266, 1, 16, 6, 854, 140, 255, 37, 2021]
Tamil: [2, 1, 1, 1, 1, 1, 1, 1, 1, 1, 1, 1, 1, 1, 1, 1, 1, 1, 3, 0]

English: [4847, 1, 11, 2, 1078, 1383, 2, 2422, 18, 184, 1, 6927, 1, 1, 1, 1, 663, 2, 431, 0]
Tamil: [2, 1, 1, 1, 1, 1, 1, 1, 1, 1, 1, 1, 1, 1, 1, 1, 3, 0, 0, 0]

English: [2, 1, 19, 79, 1561, 0, 0, 0, 0, 0, 0, 0, 0, 0, 0, 0, 0, 0, 0, 0]
Tamil: [2, 1, 1, 1, 3, 0, 0, 0, 0, 0, 0, 0, 0, 0, 0, 0, 0, 0, 0, 0]

English: [1, 5558, 1571, 78, 55, 358, 4755, 0, 0, 0, 0, 0, 0, 0, 0, 0, 0, 0, 0, 0]
Tamil: [2, 1, 1, 1, 1, 1, 1, 1, 3, 0, 0, 0, 0, 0, 0, 0, 0, 0, 0, 0]

English: [16, 2, 936, 2461, 2, 671, 40, 2169, 3915, 1, 0, 0, 0, 0, 0, 0, 0, 0, 0, 0]
Tamil: [2, 1, 1, 1, 1, 1, 1, 1, 1, 1, 1, 3, 0, 0, 0, 0, 0, 0, 0, 0]

English: [1, 1413, 2928, 11, 1, 1, 0, 0, 0, 0, 0, 0, 0, 0, 0, 0, 0, 0, 0, 0]
Tamil: [2, 1, 1, 1, 1, 1, 1, 3, 0, 0, 0, 0, 0, 0, 0, 0, 0, 0, 0, 0]

English: [25, 85, 6, 1457, 16, 17, 0, 0, 0, 0, 0, 0, 0, 0, 0, 0, 0, 0, 0, 0]
Tamil: [2, 1, 1, 1, 1, 3, 0, 0, 0, 0, 0, 0, 0, 0, 0, 0, 0, 0, 0, 0]

English: [1, 1664, 4468, 6072, 1, 6846, 2632, 934, 862, 0, 0, 0, 0, 0, 0, 0, 0, 0, 0, 0]
Tamil: [2, 1, 1, 6636, 1, 1, 1, 1, 1, 1, 3, 0, 0, 0, 0, 0, 0, 0, 0, 0]

English: [926, 10, 0, 0, 0, 0, 0, 0, 0, 0, 0, 0, 0, 0, 0, 0, 0, 0, 0, 0]
Tamil: [2, 1, 1, 3, 0, 0, 0, 0, 0, 0, 0, 0, 0, 0, 0, 0, 0, 0, 0, 0]

English: [48, 1, 65, 21, 128, 1, 1, 140, 714, 2, 2393, 214, 4149, 3, 216, 35, 220, 1, 2, 567]
Tamil: [2, 1, 1, 1, 1, 1, 1, 1, 1, 1, 1, 1, 1, 1, 1, 1, 1, 1, 1, 1]

English: [33, 1, 2771, 11, 2, 3478, 1, 0, 0, 0, 0, 0, 0, 0, 0, 0, 0, 0, 0, 0]
Tamil: [2, 1, 1, 1, 1, 1, 1, 3, 0, 0, 0, 0, 0, 0, 0, 0, 0, 0, 0, 0]

English: [51, 123, 25, 143, 38, 58, 4, 4178, 3330, 790, 3165, 162, 340, 6, 3201, 821, 41, 25, 21, 983]
Tamil: [2, 1, 1, 1, 1, 1, 1, 1, 1, 1, 1, 1, 1, 1, 1, 1, 1, 1, 1, 1]

English: [301, 28, 2, 1, 12, 1, 2, 1, 12, 1, 63, 2, 1, 12, 7845, 18, 1, 911, 6480, 142]
Tamil: [2, 1, 1, 1, 1, 1, 1, 1, 1, 1, 1, 1, 1, 1, 1, 1, 1, 1, 1, 1]

English: [25, 54, 206, 7, 63, 36, 572, 0, 0, 0, 0, 0, 0, 0, 0, 0, 0, 0, 0, 0]
Tamil: [2, 1, 1, 1, 1, 1, 3, 0, 0, 0, 0, 0, 0, 0, 0, 0, 0, 0, 0, 0]

English: [1857, 708, 3728, 59, 2, 1, 2281, 12, 2, 1958, 9, 1868, 4, 1327, 17, 5416, 7810, 51, 121, 9]
Tamil: [2, 1, 1, 1, 1, 1, 1, 1, 1, 1, 1, 1, 1, 1, 1, 1, 1, 1, 1, 1]

English: [501, 434, 162, 141, 355, 18, 40, 4, 306, 0, 0, 0, 0, 0, 0, 0, 0, 0, 0, 0]
Tamil: [2, 1, 1, 1, 1, 1, 3, 0, 0, 0, 0, 0, 0, 0, 0, 0, 0, 0, 0, 0]

English: [1, 2402, 1, 1, 3581, 253, 369, 18, 1, 8, 703, 4, 81, 123, 13, 0, 0, 0, 0, 0]
Tamil: [2, 1, 1, 1, 1, 1, 1, 1, 1, 1, 1, 1, 1, 1, 3, 0, 0, 0, 0, 0]

English: [2885, 2259, 28, 1, 212, 11, 1593, 0, 0, 0, 0, 0, 0, 0, 0, 0, 0, 0, 0, 0]
Tamil: [2, 1, 1, 1, 1, 1, 1, 3, 0, 0, 0, 0, 0, 0, 0, 0, 0, 0, 0, 0]

English: [1, 1, 0, 0, 0, 0, 0, 0, 0, 0, 0, 0, 0, 0, 0, 0, 0, 0, 0, 0]
Tamil: [2, 1, 1, 3, 0, 0, 0, 0, 0, 0, 0, 0, 0, 0, 0, 0, 0, 0, 0, 0]

English: [4, 27, 1060, 1, 3406, 4, 2, 1, 1, 18, 893, 52, 6, 1, 4, 6238, 6, 1039, 5354, 222]
Tamil: [2, 1, 1, 1, 1, 1, 1, 1, 1, 1, 1, 1, 1, 1, 1, 1, 1, 1, 1, 1]

English: [11, 2, 6623, 3470, 2616, 50, 4169, 6, 182, 983, 57, 13, 319, 63, 78, 83, 208, 18, 385, 0]
Tamil: [2, 1, 1, 1, 1, 1, 1, 1, 1, 1, 1, 1, 1, 1, 1, 1, 3, 0, 0, 0]

English: [2, 318, 1706, 142, 0, 0, 0, 0, 0, 0, 0, 0, 0, 0, 0, 0, 0, 0, 0, 0]
Tamil: [2, 1, 1, 1, 1, 3, 0, 0, 0, 0, 0, 0, 0, 0, 0, 0, 0, 0, 0, 0]

English: [1, 1, 0, 0, 0, 0, 0, 0, 0, 0, 0, 0, 0, 0, 0, 0, 0, 0, 0, 0]
Tamil: [2, 1, 1, 3, 0, 0, 0, 0, 0, 0, 0, 0, 0, 0, 0, 0, 0, 0, 0, 0]

English: [1, 18, 1, 0, 0, 0, 0, 0, 0, 0, 0, 0, 0, 0, 0, 0, 0, 0, 0, 0]
Tamil: [2, 1, 1, 1, 3, 0, 0, 0, 0, 0, 0, 0, 0, 0, 0, 0, 0, 0, 0, 0]

English: [26, 29, 1041, 38, 63, 0, 0, 0, 0, 0, 0, 0, 0, 0, 0, 0, 0, 0, 0, 0]
Tamil: [2, 1, 1, 1, 3, 0, 0, 0, 0, 0, 0, 0, 0, 0, 0, 0, 0, 0, 0, 0]

English: [2937, 1, 61, 432, 13, 53, 54, 27, 69, 1, 1986, 587, 1, 11, 1160, 4760, 59, 204, 7911, 1]
Tamil: [2, 1, 12846, 1, 1, 1, 1, 1, 1, 1, 1, 1, 1, 1, 1, 1, 1, 3, 0, 0]

English: [51, 217, 121, 2, 1148, 364, 0, 0, 0, 0, 0, 0, 0, 0, 0, 0, 0, 0, 0, 0]
Tamil: [2, 1, 1, 1, 1, 1, 3, 0, 0, 0, 0, 0, 0, 0, 0, 0, 0, 0, 0, 0]

English: [97, 66, 1276, 0, 0, 0, 0, 0, 0, 0, 0, 0, 0, 0, 0, 0, 0, 0, 0, 0]
Tamil: [2, 1, 1, 3, 0, 0, 0, 0, 0, 0, 0, 0, 0, 0, 0, 0, 0, 0, 0, 0]

English: [2, 1, 8, 149, 2, 1, 2378, 1562, 1, 4631, 0, 0, 0, 0, 0, 0, 0, 0, 0, 0]
Tamil: [2, 1, 1, 1, 1, 1, 1, 1, 1, 3, 0, 0, 0, 0, 0, 0, 0, 0, 0, 0]

English: [2, 643, 16, 2, 6927, 1, 2105, 387, 38, 1, 61, 79, 4253, 38, 6, 873, 12, 1, 1, 0]
Tamil: [2, 1, 1, 1, 1, 1, 1, 1, 1, 1, 1, 1, 3, 0, 0, 0, 0, 0, 0, 0]

English: [38, 2, 239, 49, 1, 1, 454, 2, 1, 822, 0, 0, 0, 0, 0, 0, 0, 0, 0, 0]
Tamil: [2, 1, 1, 1, 1, 1, 1, 1, 3, 0, 0, 0, 0, 0, 0, 0, 0, 0, 0, 0]

English: [60, 12, 142, 54, 27, 3018, 0, 0, 0, 0, 0, 0, 0, 0, 0, 0, 0, 0, 0, 0]
Tamil: [2, 1, 1, 1, 1, 3, 0, 0, 0, 0, 0, 0, 0, 0, 0, 0, 0, 0, 0, 0]

English: [51, 105, 1291, 0, 0, 0, 0, 0, 0, 0, 0, 0, 0, 0, 0, 0, 0, 0, 0, 0]
Tamil: [2, 1, 1, 1, 1, 3, 0, 0, 0, 0, 0, 0, 0, 0, 0, 0, 0, 0, 0, 0]

English: [1171, 1325, 298, 364, 11, 1, 1, 18, 7282, 77, 1, 11, 3226, 4471, 43, 70, 1, 7583, 0, 0]
Tamil: [2, 1, 1, 1, 1, 1, 1, 1, 1, 1, 1, 1, 1, 1, 1, 1, 1, 1, 3, 0]

English: [139, 860, 751, 12, 453, 1, 18, 60, 860, 751, 12, 4415, 18, 1, 855, 453, 1, 1063, 18, 3363]
Tamil: [2, 1, 1, 1, 2343, 1, 1, 1, 1, 1, 2343, 1, 6626, 1, 1, 1, 1, 6626, 1, 1]

English: [9, 133, 1, 14, 2, 171, 215, 4, 21, 17, 7681, 1, 18, 5655, 0, 0, 0, 0, 0, 0]
Tamil: [2, 1, 1, 1, 1, 1, 1, 1, 1, 1, 1, 1, 1, 3, 0, 0, 0, 0, 0, 0]

English: [1, 7802, 2, 1, 31, 199, 1, 2, 2382, 12, 2, 1, 12, 2913, 18, 53, 8, 69, 1367, 16]
Tamil: [2, 1, 1, 1, 1, 1, 1, 1, 1, 1, 1, 1, 1, 1, 1, 1, 1, 1, 1, 1]

English: [31, 74, 1698, 0, 0, 0, 0, 0, 0, 0, 0, 0, 0, 0, 0, 0, 0, 0, 0, 0]
Tamil: [2, 1, 1, 1, 3, 0, 0, 0, 0, 0, 0, 0, 0, 0, 0, 0, 0, 0, 0, 0]

English: [69, 1, 0, 0, 0, 0, 0, 0, 0, 0, 0, 0, 0, 0, 0, 0, 0, 0, 0, 0]
Tamil: [2, 1, 1, 3, 0, 0, 0, 0, 0, 0, 0, 0, 0, 0, 0, 0, 0, 0, 0, 0]

English: [180, 1264, 19, 79, 1066, 1678, 18, 2, 5390, 439, 28, 1, 2484, 0, 0, 0, 0, 0, 0, 0]
Tamil: [2, 1, 1, 1, 1, 1, 1, 1, 1, 1, 1, 1, 1, 3, 0, 0, 0, 0, 0, 0]

English: [1044, 53, 61, 79, 6, 148, 12, 4025, 30, 1, 4197, 1671, 4, 1148, 0, 0, 0, 0, 0, 0]
Tamil: [2, 1, 1, 1, 1, 1, 1, 1, 3, 0, 0, 0, 0, 0, 0, 0, 0, 0, 0, 0]

English: [54, 10, 480, 2054, 18, 1171, 4, 15, 351, 175, 10, 446, 13, 26, 854, 18, 314, 0, 0, 0]
Tamil: [2, 1, 1, 1, 1, 1, 1, 1, 1, 1, 1, 1, 1, 1, 3, 0, 0, 0, 0, 0]

English: [26, 1738, 6, 125, 4295, 11, 15, 159, 0, 0, 0, 0, 0, 0, 0, 0, 0, 0, 0, 0]
Tamil: [2, 1, 1, 1, 1, 1, 1, 3, 0, 0, 0, 0, 0, 0, 0, 0, 0, 0, 0, 0]

English: [1368, 19, 533, 2, 145, 139, 2383, 0, 0, 0, 0, 0, 0, 0, 0, 0, 0, 0, 0, 0]
Tamil: [2, 1, 1, 1, 1, 1, 3, 0, 0, 0, 0, 0, 0, 0, 0, 0, 0, 0, 0, 0]

English: [27, 10, 1, 1, 1, 1, 3016, 102, 4492, 19, 806, 198, 125, 0, 0, 0, 0, 0, 0, 0]
Tamil: [2, 1, 1, 1, 1, 1, 1, 1, 1, 1, 1, 1, 1, 1, 1, 1, 1, 1, 1, 1]

English: [3, 426, 892, 18, 42, 6, 655, 12, 322, 123, 73, 116, 114, 317, 7, 72, 0, 0, 0, 0]
Tamil: [2, 1, 1, 1, 1, 1, 1, 1, 1, 1, 1, 1, 1, 1, 1, 1, 3, 0, 0, 0]

English: [5861, 1, 3314, 822, 16, 6541, 3247, 18, 1, 3026, 0, 0, 0, 0, 0, 0, 0, 0, 0, 0]
Tamil: [2, 1, 1, 1, 6626, 1, 1, 1, 1, 1, 1, 3, 0, 0, 0, 0, 0, 0, 0, 0]

English: [567, 13, 1, 2076, 111, 2, 2668, 25, 85, 48, 25, 273, 266, 1998, 108, 1, 1207, 2578, 1, 2578]
Tamil: [2, 1, 1, 1, 1, 1, 1, 1, 1, 1, 1, 1, 1, 1588, 2347, 1, 2347, 1, 2346, 3116]

English: [11, 2, 650, 780, 1, 1519, 1, 1, 1, 1, 1, 1, 1, 1, 1, 1, 44, 766, 3, 1]
Tamil: [2, 1, 1, 1, 1, 1, 1, 1, 1, 1, 1, 1, 1, 1, 1, 1, 1, 1, 1, 1]

English: [2, 111, 61, 161, 1, 4, 1, 181, 30, 1, 2972, 0, 0, 0, 0, 0, 0, 0, 0, 0]
Tamil: [2, 12701, 1, 1, 1, 1, 1, 1, 1, 1, 1, 3, 0, 0, 0, 0, 0, 0, 0, 0]

English: [2717, 77, 2, 302, 2, 278, 19, 504, 4, 2, 318, 0, 0, 0, 0, 0, 0, 0, 0, 0]
Tamil: [2, 1, 1, 1, 1, 1, 1, 1, 1, 3, 0, 0, 0, 0, 0, 0, 0, 0, 0, 0]

English: [34, 790, 21, 7, 576, 0, 0, 0, 0, 0, 0, 0, 0, 0, 0, 0, 0, 0, 0, 0]
Tamil: [2, 1, 1, 1, 3, 0, 0, 0, 0, 0, 0, 0, 0, 0, 0, 0, 0, 0, 0, 0]

English: [53, 8, 69, 288, 4, 333, 0, 0, 0, 0, 0, 0, 0, 0, 0, 0, 0, 0, 0, 0]
Tamil: [2, 1, 1, 1, 3, 0, 0, 0, 0, 0, 0, 0, 0, 0, 0, 0, 0, 0, 0, 0]

English: [1, 113, 0, 0, 0, 0, 0, 0, 0, 0, 0, 0, 0, 0, 0, 0, 0, 0, 0, 0]
Tamil: [2, 1, 1, 3, 0, 0, 0, 0, 0, 0, 0, 0, 0, 0, 0, 0, 0, 0, 0, 0]

English: [220, 279, 3358, 38, 2, 431, 0, 0, 0, 0, 0, 0, 0, 0, 0, 0, 0, 0, 0, 0]
Tamil: [2, 1, 1, 1, 1, 1, 3, 0, 0, 0, 0, 0, 0, 0, 0, 0, 0, 0, 0, 0]

English: [17, 8, 6, 1800, 4168, 11, 102, 1, 1393, 5399, 0, 0, 0, 0, 0, 0, 0, 0, 0, 0]
Tamil: [2, 1, 1, 1, 1, 1, 1, 1, 1, 1, 3, 0, 0, 0, 0, 0, 0, 0, 0, 0]

English: [376, 4294, 17, 1, 41, 40, 52, 4, 1715, 1, 1319, 1739, 8, 1, 0, 0, 0, 0, 0, 0]
Tamil: [2, 1, 1, 1, 1, 1, 1, 1, 1, 1, 12705, 1, 1, 3, 0, 0, 0, 0, 0, 0]

English: [57, 3, 414, 991, 53, 0, 0, 0, 0, 0, 0, 0, 0, 0, 0, 0, 0, 0, 0, 0]
Tamil: [2, 1, 1, 1, 1, 1, 3, 0, 0, 0, 0, 0, 0, 0, 0, 0, 0, 0, 0, 0]

English: [1, 1, 8, 636, 1160, 3057, 4, 2118, 6707, 6307, 0, 0, 0, 0, 0, 0, 0, 0, 0, 0]
Tamil: [2, 1, 1, 1, 1, 1, 1, 1, 1, 1, 3, 0, 0, 0, 0, 0, 0, 0, 0, 0]

English: [17, 83, 27, 6, 70, 303, 1101, 0, 0, 0, 0, 0, 0, 0, 0, 0, 0, 0, 0, 0]
Tamil: [2, 1, 1, 1, 1, 1, 1, 3, 0, 0, 0, 0, 0, 0, 0, 0, 0, 0, 0, 0]

English: [58, 76, 17, 397, 0, 0, 0, 0, 0, 0, 0, 0, 0, 0, 0, 0, 0, 0, 0, 0]
Tamil: [2, 1, 1, 1, 3, 0, 0, 0, 0, 0, 0, 0, 0, 0, 0, 0, 0, 0, 0, 0]

English: [1562, 323, 637, 14, 6, 1, 282, 0, 0, 0, 0, 0, 0, 0, 0, 0, 0, 0, 0, 0]
Tamil: [2, 1, 1, 1, 1, 1, 1, 3, 0, 0, 0, 0, 0, 0, 0, 0, 0, 0, 0, 0]

English: [692, 1, 1908, 2939, 1, 2477, 860, 5805, 1, 140, 6022, 11, 1, 1, 103, 50, 2752, 4, 1, 6]
Tamil: [2, 1, 1, 1, 1, 1, 1, 1, 12745, 1, 1, 1, 1, 1, 1, 1, 1, 1, 1, 1]

English: [128, 1355, 28, 0, 0, 0, 0, 0, 0, 0, 0, 0, 0, 0, 0, 0, 0, 0, 0, 0]
Tamil: [2, 1, 1, 3, 0, 0, 0, 0, 0, 0, 0, 0, 0, 0, 0, 0, 0, 0, 0, 0]

English: [260, 6, 148, 12, 7266, 11, 2, 1663, 0, 0, 0, 0, 0, 0, 0, 0, 0, 0, 0, 0]
Tamil: [2, 1, 1, 1, 1, 3, 0, 0, 0, 0, 0, 0, 0, 0, 0, 0, 0, 0, 0, 0]

English: [93, 280, 1, 1, 54, 27, 0, 0, 0, 0, 0, 0, 0, 0, 0, 0, 0, 0, 0, 0]
Tamil: [2, 1, 1, 1, 1, 1, 3, 0, 0, 0, 0, 0, 0, 0, 0, 0, 0, 0, 0, 0]

English: [63, 671, 41, 27, 2265, 423, 1, 0, 0, 0, 0, 0, 0, 0, 0, 0, 0, 0, 0, 0]
Tamil: [2, 1, 1, 1, 1, 1, 1, 1, 1, 3, 0, 0, 0, 0, 0, 0, 0, 0, 0, 0]

English: [1276, 696, 0, 0, 0, 0, 0, 0, 0, 0, 0, 0, 0, 0, 0, 0, 0, 0, 0, 0]
Tamil: [2, 1, 1, 3, 0, 0, 0, 0, 0, 0, 0, 0, 0, 0, 0, 0, 0, 0, 0, 0]

English: [58, 332, 10, 8, 4, 166, 276, 2324, 531, 1093, 34, 175, 10, 576, 4, 174, 412, 858, 12, 1]
Tamil: [2, 1, 1, 1, 1, 12700, 1, 1, 1, 1, 1, 1, 1, 1, 1, 1, 1, 3, 0, 0]

English: [58, 41, 25, 616, 2, 2106, 12, 6, 1, 0, 0, 0, 0, 0, 0, 0, 0, 0, 0, 0]
Tamil: [2, 1, 1, 1, 1, 1, 1, 3, 0, 0, 0, 0, 0, 0, 0, 0, 0, 0, 0, 0]

English: [235, 480, 288, 4, 333, 48, 7, 81, 0, 0, 0, 0, 0, 0, 0, 0, 0, 0, 0, 0]
Tamil: [2, 1, 1, 1, 1, 1, 1, 3, 0, 0, 0, 0, 0, 0, 0, 0, 0, 0, 0, 0]

English: [10, 14, 1, 13, 7201, 18, 4439, 1, 8, 70, 332, 4, 1, 3165, 712, 18, 1474, 6291, 59, 1]
Tamil: [2, 1, 1, 1, 1, 1, 1, 1, 1, 1, 1, 1, 1, 1, 1, 1, 3, 0, 0, 0]

English: [11, 1, 6530, 42, 66, 1, 1499, 1331, 11, 1654, 0, 0, 0, 0, 0, 0, 0, 0, 0, 0]
Tamil: [2, 1, 1, 1, 1, 1, 1, 1, 3, 0, 0, 0, 0, 0, 0, 0, 0, 0, 0, 0]

English: [11, 102, 1737, 2, 860, 61, 79, 1, 6, 3256, 1170, 3887, 1, 1296, 1, 232, 101, 231, 4, 1]
Tamil: [2, 1, 1, 1, 1, 1, 1, 1, 1, 1, 1, 1, 1, 1, 1, 1, 1, 1, 1, 4696]

English: [6058, 1714, 0, 0, 0, 0, 0, 0, 0, 0, 0, 0, 0, 0, 0, 0, 0, 0, 0, 0]
Tamil: [2, 1, 2345, 3, 0, 0, 0, 0, 0, 0, 0, 0, 0, 0, 0, 0, 0, 0, 0, 0]

English: [17, 6085, 2, 1701, 1588, 1503, 0, 0, 0, 0, 0, 0, 0, 0, 0, 0, 0, 0, 0, 0]
Tamil: [2, 1, 1, 1, 1, 1, 3, 0, 0, 0, 0, 0, 0, 0, 0, 0, 0, 0, 0, 0]

English: [7845, 667, 11, 3056, 32, 24, 356, 18, 516, 0, 0, 0, 0, 0, 0, 0, 0, 0, 0, 0]
Tamil: [2, 1, 1, 1, 1, 1, 1, 1, 3, 0, 0, 0, 0, 0, 0, 0, 0, 0, 0, 0]

English: [1, 6, 0, 0, 0, 0, 0, 0, 0, 0, 0, 0, 0, 0, 0, 0, 0, 0, 0, 0]
Tamil: [2, 1, 1, 3, 0, 0, 0, 0, 0, 0, 0, 0, 0, 0, 0, 0, 0, 0, 0, 0]

English: [1, 1, 1, 1, 1, 8, 545, 248, 1, 0, 0, 0, 0, 0, 0, 0, 0, 0, 0, 0]
Tamil: [2, 1, 1, 1, 1, 1, 1, 1, 1, 1, 1, 1, 1, 3, 0, 0, 0, 0, 0, 0]

English: [7, 65, 129, 7, 41, 174, 35, 13, 0, 0, 0, 0, 0, 0, 0, 0, 0, 0, 0, 0]
Tamil: [2, 1, 1, 1, 1, 3, 0, 0, 0, 0, 0, 0, 0, 0, 0, 0, 0, 0, 0, 0]

English: [2, 5354, 8, 29, 93, 0, 0, 0, 0, 0, 0, 0, 0, 0, 0, 0, 0, 0, 0, 0]
Tamil: [2, 1, 1, 3, 0, 0, 0, 0, 0, 0, 0, 0, 0, 0, 0, 0, 0, 0, 0, 0]

English: [2, 1, 8, 1233, 16, 17, 1895, 0, 0, 0, 0, 0, 0, 0, 0, 0, 0, 0, 0, 0]
Tamil: [2, 1, 1, 1, 1, 1, 3, 0, 0, 0, 0, 0, 0, 0, 0, 0, 0, 0, 0, 0]

English: [2554, 1, 2554, 6693, 1, 1, 0, 0, 0, 0, 0, 0, 0, 0, 0, 0, 0, 0, 0, 0]
Tamil: [2, 1, 1, 1, 1, 1, 3, 0, 0, 0, 0, 0, 0, 0, 0, 0, 0, 0, 0, 0]

English: [57, 17, 61, 4, 27, 247, 0, 0, 0, 0, 0, 0, 0, 0, 0, 0, 0, 0, 0, 0]
Tamil: [2, 1, 1, 1, 1, 3, 0, 0, 0, 0, 0, 0, 0, 0, 0, 0, 0, 0, 0, 0]

English: [25, 19, 6, 5181, 152, 11, 102, 124, 26, 73, 4, 163, 7, 6, 1093, 11, 6, 3109, 2327, 54]
Tamil: [2, 1, 1, 1, 1, 1, 1, 1, 1, 1, 1, 1, 1, 1, 1, 1, 1, 1, 1, 1]

English: [1, 696, 0, 0, 0, 0, 0, 0, 0, 0, 0, 0, 0, 0, 0, 0, 0, 0, 0, 0]
Tamil: [2, 1, 1, 3, 0, 0, 0, 0, 0, 0, 0, 0, 0, 0, 0, 0, 0, 0, 0, 0]

English: [2668, 18, 1, 0, 0, 0, 0, 0, 0, 0, 0, 0, 0, 0, 0, 0, 0, 0, 0, 0]
Tamil: [2, 1, 1, 1, 3, 0, 0, 0, 0, 0, 0, 0, 0, 0, 0, 0, 0, 0, 0, 0]

English: [118, 34, 50, 273, 1, 0, 0, 0, 0, 0, 0, 0, 0, 0, 0, 0, 0, 0, 0, 0]
Tamil: [2, 1, 1, 1, 3, 0, 0, 0, 0, 0, 0, 0, 0, 0, 0, 0, 0, 0, 0, 0]

English: [3250, 2578, 1, 12, 2543, 1, 0, 0, 0, 0, 0, 0, 0, 0, 0, 0, 0, 0, 0, 0]
Tamil: [2, 1, 1, 2347, 1, 1, 3, 0, 0, 0, 0, 0, 0, 0, 0, 0, 0, 0, 0, 0]

English: [1, 8, 6, 1, 12, 2163, 2293, 1368, 722, 18, 1595, 2191, 0, 0, 0, 0, 0, 0, 0, 0]
Tamil: [2, 1, 1, 1, 1, 1, 1, 1, 1, 1, 1, 1, 3, 0, 0, 0, 0, 0, 0, 0]

English: [296, 268, 4, 1, 18, 23, 61, 6, 400, 2030, 1, 1, 0, 0, 0, 0, 0, 0, 0, 0]
Tamil: [2, 1, 1, 1, 1, 1, 1, 1, 1, 1, 1, 3, 0, 0, 0, 0, 0, 0, 0, 0]

English: [692, 1, 11, 1, 19, 79, 3610, 746, 1610, 16, 2, 713, 315, 352, 0, 0, 0, 0, 0, 0]
Tamil: [2, 1, 1, 1, 1, 1, 1, 1, 1, 1, 3, 0, 0, 0, 0, 0, 0, 0, 0, 0]

English: [53, 14, 6, 780, 3014, 11, 17, 3602, 0, 0, 0, 0, 0, 0, 0, 0, 0, 0, 0, 0]
Tamil: [2, 1, 1, 1, 1, 1, 1, 1, 3, 0, 0, 0, 0, 0, 0, 0, 0, 0, 0, 0]

English: [1, 53, 28, 139, 880, 1264, 17, 312, 0, 0, 0, 0, 0, 0, 0, 0, 0, 0, 0, 0]
Tamil: [2, 1, 1, 1, 1, 1, 1, 1, 3, 0, 0, 0, 0, 0, 0, 0, 0, 0, 0, 0]

English: [229, 1, 3260, 0, 0, 0, 0, 0, 0, 0, 0, 0, 0, 0, 0, 0, 0, 0, 0, 0]
Tamil: [2, 1, 1, 3119, 3, 0, 0, 0, 0, 0, 0, 0, 0, 0, 0, 0, 0, 0, 0, 0]

English: [69, 60, 61, 379, 1690, 1985, 16, 2, 1356, 0, 0, 0, 0, 0, 0, 0, 0, 0, 0, 0]
Tamil: [2, 1, 1, 1, 1, 1, 3, 0, 0, 0, 0, 0, 0, 0, 0, 0, 0, 0, 0, 0]

English: [2, 2364, 2554, 61, 414, 0, 0, 0, 0, 0, 0, 0, 0, 0, 0, 0, 0, 0, 0, 0]
Tamil: [2, 1, 1, 2, 1, 3, 0, 0, 0, 0, 0, 0, 0, 0, 0, 0, 0, 0, 0, 0]

English: [9, 113, 11, 6, 1, 0, 0, 0, 0, 0, 0, 0, 0, 0, 0, 0, 0, 0, 0, 0]
Tamil: [2, 1, 1, 1, 1, 1, 3, 0, 0, 0, 0, 0, 0, 0, 0, 0, 0, 0, 0, 0]

English: [47, 25, 45, 2913, 1038, 12, 1, 4, 2, 3862, 1018, 11, 2, 248, 0, 0, 0, 0, 0, 0]
Tamil: [2, 1, 1, 1, 1, 1, 1, 1, 1, 1, 1, 1, 3, 0, 0, 0, 0, 0, 0, 0]

English: [470, 2, 1146, 8, 70, 708, 0, 0, 0, 0, 0, 0, 0, 0, 0, 0, 0, 0, 0, 0]
Tamil: [2, 1, 1, 1, 1, 1, 1, 3, 0, 0, 0, 0, 0, 0, 0, 0, 0, 0, 0, 0]

English: [51, 11, 6, 1, 11, 2, 5128, 2152, 2, 4553, 962, 581, 2, 3689, 4, 67, 1, 59, 2, 172]
Tamil: [2, 1, 1, 1, 1, 1, 1, 1, 1, 1, 1, 1, 1, 1, 2665, 1, 6626, 2665, 1, 1]

English: [2, 172, 2076, 159, 4, 2, 506, 18, 57, 7, 163, 159, 4, 323, 67, 39, 7, 2913, 113, 17]
Tamil: [2, 1, 1, 1, 1, 1, 1, 1, 1, 1, 1, 1, 1, 1, 1, 1, 1, 1, 3, 0]

English: [822, 1, 1, 1, 61, 3597, 2, 1, 1, 2979, 2305, 16, 2, 5395, 12, 63, 794, 1, 11, 2]
Tamil: [2, 1, 1, 1, 1, 1, 1, 1, 1, 1, 1, 1, 1, 1, 1, 1, 1, 1, 1, 1]

English: [2913, 8, 29, 74, 6, 150, 2742, 6, 1, 105, 88, 6, 2795, 2052, 105, 2145, 6, 1052, 118, 6]
Tamil: [2, 1, 1, 1, 1, 1, 1, 1, 1, 1, 1, 1, 1, 1, 1, 1, 1, 2343, 1, 1]

English: [9, 113, 2, 1165, 194, 294, 0, 0, 0, 0, 0, 0, 0, 0, 0, 0, 0, 0, 0, 0]
Tamil: [2, 1, 1, 1, 1, 1, 3, 0, 0, 0, 0, 0, 0, 0, 0, 0, 0, 0, 0, 0]

English: [388, 28, 88, 1, 1, 38, 6, 431, 0, 0, 0, 0, 0, 0, 0, 0, 0, 0, 0, 0]
Tamil: [2, 1, 1, 1, 1, 1, 1, 1, 3, 0, 0, 0, 0, 0, 0, 0, 0, 0, 0, 0]

English: [1, 12, 1, 1, 35, 1, 18, 1, 1, 1, 19, 1, 128, 2004, 11, 17, 1, 0, 0, 0]
Tamil: [2, 1, 1, 1, 1, 1, 1, 1, 1, 1, 1, 1, 1, 1, 1, 1, 1, 3, 0, 0]

English: [3, 211, 135, 10, 40, 9, 113, 0, 0, 0, 0, 0, 0, 0, 0, 0, 0, 0, 0, 0]
Tamil: [2, 1, 1, 1, 1, 1, 1, 3, 0, 0, 0, 0, 0, 0, 0, 0, 0, 0, 0, 0]

English: [46, 25, 28, 564, 18, 234, 30, 867, 41, 25, 27, 781, 126, 4, 159, 69, 51, 50, 209, 4184]
Tamil: [2, 1, 1, 1, 1, 1, 1, 1, 1, 1, 1, 1, 1, 1, 1, 1, 1, 1, 1, 3]

English: [57, 33, 70, 332, 4, 209, 2027, 1125, 535, 1399, 0, 0, 0, 0, 0, 0, 0, 0, 0, 0]
Tamil: [2, 1, 3701, 1, 1, 1, 1, 1, 3, 0, 0, 0, 0, 0, 0, 0, 0, 0, 0, 0]

English: [75, 91, 2200, 78, 19, 1, 0, 0, 0, 0, 0, 0, 0, 0, 0, 0, 0, 0, 0, 0]
Tamil: [2, 1, 1, 1, 1, 1, 3, 0, 0, 0, 0, 0, 0, 0, 0, 0, 0, 0, 0, 0]

English: [516, 28, 1751, 1, 1, 2079, 1, 2821, 16, 1, 1, 0, 0, 0, 0, 0, 0, 0, 0, 0]
Tamil: [2, 1, 1, 1, 1, 1, 1, 1, 1, 1, 1, 1, 3, 0, 0, 0, 0, 0, 0, 0]

English: [3, 41, 129, 26, 134, 844, 0, 0, 0, 0, 0, 0, 0, 0, 0, 0, 0, 0, 0, 0]
Tamil: [2, 1, 1, 1, 1, 1, 1, 3, 0, 0, 0, 0, 0, 0, 0, 0, 0, 0, 0, 0]

English: [53, 28, 75, 91, 1, 6304, 11, 1, 0, 0, 0, 0, 0, 0, 0, 0, 0, 0, 0, 0]
Tamil: [2, 1, 1, 1, 1, 1, 3, 0, 0, 0, 0, 0, 0, 0, 0, 0, 0, 0, 0, 0]

English: [2, 1, 4621, 12, 2, 6632, 1, 8, 73, 4, 27, 3853, 11, 1368, 0, 0, 0, 0, 0, 0]
Tamil: [2, 1, 1, 1, 1, 1, 1, 1, 3, 0, 0, 0, 0, 0, 0, 0, 0, 0, 0, 0]

English: [232, 2073, 288, 8, 6, 1, 5357, 1, 1, 11, 1, 6054, 18, 1, 1, 2662, 288, 288, 1766, 11]
Tamil: [2, 1, 1, 1, 1, 1, 1, 1, 1, 1, 1, 1, 1, 1, 1, 1, 1, 1, 1, 1]

English: [6736, 8, 786, 6, 277, 0, 0, 0, 0, 0, 0, 0, 0, 0, 0, 0, 0, 0, 0, 0]
Tamil: [2, 1, 1, 1, 1, 3, 0, 0, 0, 0, 0, 0, 0, 0, 0, 0, 0, 0, 0, 0]

English: [220, 393, 0, 0, 0, 0, 0, 0, 0, 0, 0, 0, 0, 0, 0, 0, 0, 0, 0, 0]
Tamil: [2, 1, 1, 1, 3, 0, 0, 0, 0, 0, 0, 0, 0, 0, 0, 0, 0, 0, 0, 0]

English: [58, 8, 17, 2109, 0, 0, 0, 0, 0, 0, 0, 0, 0, 0, 0, 0, 0, 0, 0, 0]
Tamil: [2, 1, 1, 1, 3, 0, 0, 0, 0, 0, 0, 0, 0, 0, 0, 0, 0, 0, 0, 0]

English: [1, 11, 1510, 367, 15, 278, 183, 2413, 11, 2, 610, 3, 382, 4, 0, 0, 0, 0, 0, 0]
Tamil: [2, 1, 1, 1, 1, 1, 1, 1, 1, 1, 1, 1, 3, 0, 0, 0, 0, 0, 0, 0]

English: [17, 8, 1, 1, 145, 1368, 456, 121, 410, 4, 931, 0, 0, 0, 0, 0, 0, 0, 0, 0]
Tamil: [2, 1, 1, 1, 1, 1, 1, 1, 1, 1, 1, 3, 0, 0, 0, 0, 0, 0, 0, 0]

English: [813, 118, 320, 93, 1284, 93, 1, 834, 1, 28, 958, 2, 1431, 1284, 1319, 104, 473, 2, 1075, 6]
Tamil: [2, 1, 1, 1, 1, 1, 1, 1, 1, 1, 1, 1, 1, 1, 1, 1, 1, 1, 1, 1]

English: [97, 28, 7, 1886, 20, 0, 0, 0, 0, 0, 0, 0, 0, 0, 0, 0, 0, 0, 0, 0]
Tamil: [2, 1, 1, 1, 1, 3, 0, 0, 0, 0, 0, 0, 0, 0, 0, 0, 0, 0, 0, 0]

English: [13, 1, 0, 0, 0, 0, 0, 0, 0, 0, 0, 0, 0, 0, 0, 0, 0, 0, 0, 0]
Tamil: [2, 1, 1, 3, 0, 0, 0, 0, 0, 0, 0, 0, 0, 0, 0, 0, 0, 0, 0, 0]

English: [1789, 6, 3784, 0, 0, 0, 0, 0, 0, 0, 0, 0, 0, 0, 0, 0, 0, 0, 0, 0]
Tamil: [2, 1, 1, 1, 3, 0, 0, 0, 0, 0, 0, 0, 0, 0, 0, 0, 0, 0, 0, 0]

English: [1, 1, 1, 1, 61, 726, 4, 2804, 30, 17, 6222, 0, 0, 0, 0, 0, 0, 0, 0, 0]
Tamil: [2, 1, 1, 1, 1, 1, 1, 1, 1, 1, 1, 3, 0, 0, 0, 0, 0, 0, 0, 0]

English: [7600, 192, 108, 0, 0, 0, 0, 0, 0, 0, 0, 0, 0, 0, 0, 0, 0, 0, 0, 0]
Tamil: [2, 1, 1, 3, 0, 0, 0, 0, 0, 0, 0, 0, 0, 0, 0, 0, 0, 0, 0, 0]

English: [15, 356, 14, 32, 37, 0, 0, 0, 0, 0, 0, 0, 0, 0, 0, 0, 0, 0, 0, 0]
Tamil: [2, 1, 1, 1, 1, 3, 0, 0, 0, 0, 0, 0, 0, 0, 0, 0, 0, 0, 0, 0]

English: [44, 101, 1, 1663, 14, 1, 0, 0, 0, 0, 0, 0, 0, 0, 0, 0, 0, 0, 0, 0]
Tamil: [2, 1, 1, 1, 1, 1, 1, 3, 0, 0, 0, 0, 0, 0, 0, 0, 0, 0, 0, 0]

English: [28, 7, 523, 1001, 38, 2, 171, 49, 7, 85, 93, 486, 0, 0, 0, 0, 0, 0, 0, 0]
Tamil: [2, 1, 1, 1, 1, 1, 1, 1, 1, 1, 1, 1, 1, 1, 3, 0, 0, 0, 0, 0]

English: [298, 690, 21, 7, 71, 54, 2666, 0, 0, 0, 0, 0, 0, 0, 0, 0, 0, 0, 0, 0]
Tamil: [2, 1, 1, 1, 1, 1, 3, 0, 0, 0, 0, 0, 0, 0, 0, 0, 0, 0, 0, 0]

English: [9, 709, 1268, 11, 1, 1, 191, 18, 144, 0, 0, 0, 0, 0, 0, 0, 0, 0, 0, 0]
Tamil: [2, 1, 1, 1, 1, 1, 1, 1, 1, 1, 3, 0, 0, 0, 0, 0, 0, 0, 0, 0]

