English: [33, 266, 4, 3103, 78, 51, 812, 4, 3103, 398, 0, 0, 0, 0, 0, 0, 0, 0, 0, 0]
Sinhala: [2, 264, 8276, 525, 36, 1360, 1933, 44, 216, 900, 2679, 3, 0, 0, 0, 0, 0, 0, 0, 0]

English: [80, 6, 884, 0, 0, 0, 0, 0, 0, 0, 0, 0, 0, 0, 0, 0, 0, 0, 0, 0]
Sinhala: [2, 86, 6947, 3, 0, 0, 0, 0, 0, 0, 0, 0, 0, 0, 0, 0, 0, 0, 0, 0]

English: [3, 65, 596, 56, 58, 4, 4070, 15, 1129, 7803, 4, 6, 1728, 3014, 0, 0, 0, 0, 0, 0]
Sinhala: [2, 10, 1494, 930, 8136, 2192, 10964, 4642, 73, 315, 6, 2099, 89, 3, 0, 0, 0, 0, 0, 0]

English: [5, 68, 19, 155, 590, 29, 4, 230, 22, 0, 0, 0, 0, 0, 0, 0, 0, 0, 0, 0]
Sinhala: [2, 99, 109, 1182, 12706, 408, 403, 1375, 17, 3, 0, 0, 0, 0, 0, 0, 0, 0, 0, 0]

English: [5, 8, 754, 0, 0, 0, 0, 0, 0, 0, 0, 0, 0, 0, 0, 0, 0, 0, 0, 0]
Sinhala: [2, 5, 744, 688, 3, 0, 0, 0, 0, 0, 0, 0, 0, 0, 0, 0, 0, 0, 0, 0]

English: [3, 19, 6, 148, 12, 122, 4, 440, 52, 123, 2, 397, 12, 2, 312, 0, 0, 0, 0, 0]
Sinhala: [2, 2719, 130, 87, 91, 130, 18, 6, 186, 84, 2289, 61, 3, 0, 0, 0, 0, 0, 0, 0]

English: [10, 555, 6, 148, 12, 2112, 4, 931, 6, 270, 0, 0, 0, 0, 0, 0, 0, 0, 0, 0]
Sinhala: [2, 3990, 1324, 1124, 186, 1306, 925, 23, 70, 3, 0, 0, 0, 0, 0, 0, 0, 0, 0, 0]

English: [23, 130, 1916, 0, 0, 0, 0, 0, 0, 0, 0, 0, 0, 0, 0, 0, 0, 0, 0, 0]
Sinhala: [2, 15, 2622, 193, 3, 0, 0, 0, 0, 0, 0, 0, 0, 0, 0, 0, 0, 0, 0, 0]

English: [26, 894, 0, 0, 0, 0, 0, 0, 0, 0, 0, 0, 0, 0, 0, 0, 0, 0, 0, 0]
Sinhala: [2, 4, 1034, 9795, 3, 0, 0, 0, 0, 0, 0, 0, 0, 0, 0, 0, 0, 0, 0, 0]

English: [114, 360, 450, 0, 0, 0, 0, 0, 0, 0, 0, 0, 0, 0, 0, 0, 0, 0, 0, 0]
Sinhala: [2, 4, 4073, 3287, 3, 0, 0, 0, 0, 0, 0, 0, 0, 0, 0, 0, 0, 0, 0, 0]

English: [121, 23, 42, 897, 44, 654, 790, 23, 311, 6, 100, 0, 0, 0, 0, 0, 0, 0, 0, 0]
Sinhala: [2, 15, 874, 2510, 132, 15, 161, 464, 226, 165, 716, 3, 0, 0, 0, 0, 0, 0, 0, 0]

English: [2, 1078, 14, 1103, 0, 0, 0, 0, 0, 0, 0, 0, 0, 0, 0, 0, 0, 0, 0, 0]
Sinhala: [2, 2865, 1116, 1883, 12, 3, 0, 0, 0, 0, 0, 0, 0, 0, 0, 0, 0, 0, 0, 0]

English: [3, 19, 69, 4260, 0, 0, 0, 0, 0, 0, 0, 0, 0, 0, 0, 0, 0, 0, 0, 0]
Sinhala: [2, 6, 283, 5890, 17, 3, 0, 0, 0, 0, 0, 0, 0, 0, 0, 0, 0, 0, 0, 0]

English: [33, 69, 942, 0, 0, 0, 0, 0, 0, 0, 0, 0, 0, 0, 0, 0, 0, 0, 0, 0]
Sinhala: [2, 8, 567, 50, 3, 0, 0, 0, 0, 0, 0, 0, 0, 0, 0, 0, 0, 0, 0, 0]

English: [9, 984, 593, 30, 6, 93, 280, 222, 9, 14, 523, 6, 1024, 0, 0, 0, 0, 0, 0, 0]
Sinhala: [2, 9, 819, 229, 357, 1156, 81, 3104, 370, 560, 3, 0, 0, 0, 0, 0, 0, 0, 0, 0]

English: [9, 76, 29, 39, 566, 0, 0, 0, 0, 0, 0, 0, 0, 0, 0, 0, 0, 0, 0, 0]
Sinhala: [2, 33, 1938, 23, 311, 3, 0, 0, 0, 0, 0, 0, 0, 0, 0, 0, 0, 0, 0, 0]

English: [5, 18, 22, 84, 268, 180, 137, 121, 50, 145, 240, 0, 0, 0, 0, 0, 0, 0, 0, 0]
Sinhala: [2, 5, 47, 34, 658, 798, 212, 772, 325, 225, 989, 3, 0, 0, 0, 0, 0, 0, 0, 0]

English: [2, 1728, 8, 7036, 47, 6644, 11, 2, 2653, 349, 0, 0, 0, 0, 0, 0, 0, 0, 0, 0]
Sinhala: [2, 2212, 6607, 29, 6356, 4077, 1689, 58, 3203, 441, 3, 0, 0, 0, 0, 0, 0, 0, 0, 0]

English: [19, 6, 93, 49, 0, 0, 0, 0, 0, 0, 0, 0, 0, 0, 0, 0, 0, 0, 0, 0]
Sinhala: [2, 81, 94, 11818, 3, 0, 0, 0, 0, 0, 0, 0, 0, 0, 0, 0, 0, 0, 0, 0]

English: [26, 73, 4, 415, 0, 0, 0, 0, 0, 0, 0, 0, 0, 0, 0, 0, 0, 0, 0, 0]
Sinhala: [2, 4, 242, 580, 3, 0, 0, 0, 0, 0, 0, 0, 0, 0, 0, 0, 0, 0, 0, 0]

English: [17, 8, 2, 228, 293, 1229, 13, 3, 19, 252, 317, 0, 0, 0, 0, 0, 0, 0, 0, 0]
Sinhala: [2, 54, 628, 419, 30, 1231, 1827, 500, 3, 0, 0, 0, 0, 0, 0, 0, 0, 0, 0, 0]

English: [17, 8, 70, 200, 0, 0, 0, 0, 0, 0, 0, 0, 0, 0, 0, 0, 0, 0, 0, 0]
Sinhala: [2, 76, 74, 216, 29, 3, 0, 0, 0, 0, 0, 0, 0, 0, 0, 0, 0, 0, 0, 0]

English: [3, 71, 33, 49, 16, 20, 4, 62, 6, 508, 12, 1533, 0, 0, 0, 0, 0, 0, 0, 0]
Sinhala: [2, 4, 103, 6, 144, 3918, 67, 44, 645, 3, 0, 0, 0, 0, 0, 0, 0, 0, 0, 0]

English: [58, 1979, 0, 0, 0, 0, 0, 0, 0, 0, 0, 0, 0, 0, 0, 0, 0, 0, 0, 0]
Sinhala: [2, 717, 1701, 901, 3, 0, 0, 0, 0, 0, 0, 0, 0, 0, 0, 0, 0, 0, 0, 0]

English: [3, 65, 203, 10, 0, 0, 0, 0, 0, 0, 0, 0, 0, 0, 0, 0, 0, 0, 0, 0]
Sinhala: [2, 6, 8, 270, 17, 3, 0, 0, 0, 0, 0, 0, 0, 0, 0, 0, 0, 0, 0, 0]

English: [9, 1609, 2, 1009, 4, 24, 1805, 18, 6894, 10, 38, 60, 6476, 0, 0, 0, 0, 0, 0, 0]
Sinhala: [2, 9, 2412, 24, 10523, 2045, 8, 230, 11021, 2047, 2985, 105, 3, 0, 0, 0, 0, 0, 0, 0]

English: [10, 348, 402, 0, 0, 0, 0, 0, 0, 0, 0, 0, 0, 0, 0, 0, 0, 0, 0, 0]
Sinhala: [2, 40, 499, 3, 0, 0, 0, 0, 0, 0, 0, 0, 0, 0, 0, 0, 0, 0, 0, 0]

English: [5, 18, 22, 19, 79, 246, 16, 180, 137, 0, 0, 0, 0, 0, 0, 0, 0, 0, 0, 0]
Sinhala: [2, 5, 47, 34, 212, 522, 443, 367, 82, 16, 3, 0, 0, 0, 0, 0, 0, 0, 0, 0]

English: [3, 19, 86, 3694, 0, 0, 0, 0, 0, 0, 0, 0, 0, 0, 0, 0, 0, 0, 0, 0]
Sinhala: [2, 6, 5539, 144, 222, 3, 0, 0, 0, 0, 0, 0, 0, 0, 0, 0, 0, 0, 0, 0]

English: [5, 14, 347, 0, 0, 0, 0, 0, 0, 0, 0, 0, 0, 0, 0, 0, 0, 0, 0, 0]
Sinhala: [2, 5, 309, 3, 0, 0, 0, 0, 0, 0, 0, 0, 0, 0, 0, 0, 0, 0, 0, 0]

English: [21, 7, 545, 197, 0, 0, 0, 0, 0, 0, 0, 0, 0, 0, 0, 0, 0, 0, 0, 0]
Sinhala: [2, 11, 294, 2232, 4035, 90, 3, 0, 0, 0, 0, 0, 0, 0, 0, 0, 0, 0, 0, 0]

English: [17, 8, 66, 2106, 12, 2, 4903, 12, 2, 6673, 47, 10, 8, 334, 0, 0, 0, 0, 0, 0]
Sinhala: [2, 76, 7018, 1707, 9448, 11961, 3, 0, 0, 0, 0, 0, 0, 0, 0, 0, 0, 0, 0, 0]

English: [126, 11, 517, 182, 3, 84, 52, 38, 2199, 99, 192, 236, 0, 0, 0, 0, 0, 0, 0, 0]
Sinhala: [2, 302, 1084, 2859, 4, 53, 1139, 248, 1713, 408, 1811, 3, 0, 0, 0, 0, 0, 0, 0, 0]

English: [61, 9, 1100, 379, 0, 0, 0, 0, 0, 0, 0, 0, 0, 0, 0, 0, 0, 0, 0, 0]
Sinhala: [2, 9, 597, 302, 832, 190, 3, 0, 0, 0, 0, 0, 0, 0, 0, 0, 0, 0, 0, 0]

English: [5, 183, 22, 4, 2, 431, 30, 2, 126, 12, 24, 2033, 0, 0, 0, 0, 0, 0, 0, 0]
Sinhala: [2, 5, 99, 24, 8471, 831, 1167, 167, 105, 3, 0, 0, 0, 0, 0, 0, 0, 0, 0, 0]

English: [500, 2, 100, 0, 0, 0, 0, 0, 0, 0, 0, 0, 0, 0, 0, 0, 0, 0, 0, 0]
Sinhala: [2, 196, 244, 247, 3, 0, 0, 0, 0, 0, 0, 0, 0, 0, 0, 0, 0, 0, 0, 0]

English: [53, 14, 6, 190, 288, 154, 11, 2, 1073, 12, 2, 1074, 0, 0, 0, 0, 0, 0, 0, 0]
Sinhala: [2, 3339, 1420, 911, 144, 622, 12, 3, 0, 0, 0, 0, 0, 0, 0, 0, 0, 0, 0, 0]

English: [5, 533, 2, 2538, 0, 0, 0, 0, 0, 0, 0, 0, 0, 0, 0, 0, 0, 0, 0, 0]
Sinhala: [2, 5, 11791, 1430, 3, 0, 0, 0, 0, 0, 0, 0, 0, 0, 0, 0, 0, 0, 0, 0]

English: [3, 35, 3658, 610, 0, 0, 0, 0, 0, 0, 0, 0, 0, 0, 0, 0, 0, 0, 0, 0]
Sinhala: [2, 4, 5449, 1911, 38, 3, 0, 0, 0, 0, 0, 0, 0, 0, 0, 0, 0, 0, 0, 0]

English: [3, 119, 6131, 1955, 0, 0, 0, 0, 0, 0, 0, 0, 0, 0, 0, 0, 0, 0, 0, 0]
Sinhala: [2, 4, 9717, 2371, 96, 38, 3, 0, 0, 0, 0, 0, 0, 0, 0, 0, 0, 0, 0, 0]

English: [27, 3584, 0, 0, 0, 0, 0, 0, 0, 0, 0, 0, 0, 0, 0, 0, 0, 0, 0, 0]
Sinhala: [2, 6027, 338, 3, 0, 0, 0, 0, 0, 0, 0, 0, 0, 0, 0, 0, 0, 0, 0, 0]

English: [7, 28, 2534, 4, 1606, 10, 11, 912, 46, 7, 28, 57, 1362, 88, 0, 0, 0, 0, 0, 0]
Sinhala: [2, 7, 80, 192, 719, 37, 4651, 7, 8, 2304, 87, 959, 143, 3, 0, 0, 0, 0, 0, 0]

English: [9, 1877, 938, 0, 0, 0, 0, 0, 0, 0, 0, 0, 0, 0, 0, 0, 0, 0, 0, 0]
Sinhala: [2, 9, 2493, 305, 2028, 3, 0, 0, 0, 0, 0, 0, 0, 0, 0, 0, 0, 0, 0, 0]

English: [23, 211, 193, 2, 168, 103, 23, 90, 39, 4, 582, 365, 258, 0, 0, 0, 0, 0, 0, 0]
Sinhala: [2, 15, 200, 1725, 350, 44, 507, 59, 15, 852, 4163, 17, 3, 0, 0, 0, 0, 0, 0, 0]

English: [589, 126, 112, 0, 0, 0, 0, 0, 0, 0, 0, 0, 0, 0, 0, 0, 0, 0, 0, 0]
Sinhala: [2, 4504, 691, 327, 3, 0, 0, 0, 0, 0, 0, 0, 0, 0, 0, 0, 0, 0, 0, 0]

English: [9, 3087, 63, 24, 49, 4, 2, 313, 12, 833, 0, 0, 0, 0, 0, 0, 0, 0, 0, 0]
Sinhala: [2, 9, 498, 6185, 1365, 1215, 31, 2602, 64, 3, 0, 0, 0, 0, 0, 0, 0, 0, 0, 0]

English: [520, 32, 5, 88, 0, 0, 0, 0, 0, 0, 0, 0, 0, 0, 0, 0, 0, 0, 0, 0]
Sinhala: [2, 80, 5, 20, 674, 141, 3, 0, 0, 0, 0, 0, 0, 0, 0, 0, 0, 0, 0, 0]

English: [357, 84, 4, 174, 4, 5, 123, 9, 175, 117, 445, 0, 0, 0, 0, 0, 0, 0, 0, 0]
Sinhala: [2, 14, 1104, 18, 91, 5, 20, 35, 28, 342, 3, 0, 0, 0, 0, 0, 0, 0, 0, 0]

English: [3, 39, 7, 4, 94, 142, 3, 68, 21, 34, 7, 113, 3, 76, 0, 0, 0, 0, 0, 0]
Sinhala: [2, 6, 51, 7, 204, 765, 4, 7, 669, 45, 456, 26, 3, 0, 0, 0, 0, 0, 0, 0]

English: [5, 161, 22, 16, 86, 98, 57, 9, 83, 205, 117, 4, 141, 0, 0, 0, 0, 0, 0, 0]
Sinhala: [2, 5, 442, 323, 269, 175, 2380, 33, 491, 177, 226, 165, 39, 52, 3, 0, 0, 0, 0, 0]

English: [3, 19, 6, 466, 465, 0, 0, 0, 0, 0, 0, 0, 0, 0, 0, 0, 0, 0, 0, 0]
Sinhala: [2, 6, 550, 1106, 143, 3, 0, 0, 0, 0, 0, 0, 0, 0, 0, 0, 0, 0, 0, 0]

English: [87, 955, 385, 4, 7, 140, 437, 7, 253, 312, 0, 0, 0, 0, 0, 0, 0, 0, 0, 0]
Sinhala: [2, 4, 11, 147, 739, 676, 11, 8131, 3, 0, 0, 0, 0, 0, 0, 0, 0, 0, 0, 0]

English: [88, 525, 181, 0, 0, 0, 0, 0, 0, 0, 0, 0, 0, 0, 0, 0, 0, 0, 0, 0]
Sinhala: [2, 80, 263, 451, 3, 0, 0, 0, 0, 0, 0, 0, 0, 0, 0, 0, 0, 0, 0, 0]

English: [3, 14, 11, 2, 1230, 0, 0, 0, 0, 0, 0, 0, 0, 0, 0, 0, 0, 0, 0, 0]
Sinhala: [2, 4, 819, 229, 433, 3, 0, 0, 0, 0, 0, 0, 0, 0, 0, 0, 0, 0, 0, 0]

English: [58, 54, 10, 397, 0, 0, 0, 0, 0, 0, 0, 0, 0, 0, 0, 0, 0, 0, 0, 0]
Sinhala: [2, 8, 130, 169, 256, 3, 0, 0, 0, 0, 0, 0, 0, 0, 0, 0, 0, 0, 0, 0]

English: [25, 43, 495, 0, 0, 0, 0, 0, 0, 0, 0, 0, 0, 0, 0, 0, 0, 0, 0, 0]
Sinhala: [2, 14, 4470, 172, 3, 0, 0, 0, 0, 0, 0, 0, 0, 0, 0, 0, 0, 0, 0, 0]

English: [58, 3209, 0, 0, 0, 0, 0, 0, 0, 0, 0, 0, 0, 0, 0, 0, 0, 0, 0, 0]
Sinhala: [2, 717, 3335, 3, 0, 0, 0, 0, 0, 0, 0, 0, 0, 0, 0, 0, 0, 0, 0, 0]

English: [5, 161, 22, 46, 23, 64, 252, 960, 73, 56, 32, 229, 189, 0, 0, 0, 0, 0, 0, 0]
Sinhala: [2, 5, 34, 436, 586, 15, 100, 409, 20, 289, 626, 19, 985, 5426, 3, 0, 0, 0, 0, 0]

English: [3, 241, 37, 6, 178, 0, 0, 0, 0, 0, 0, 0, 0, 0, 0, 0, 0, 0, 0, 0]
Sinhala: [2, 4, 33, 589, 2088, 3, 0, 0, 0, 0, 0, 0, 0, 0, 0, 0, 0, 0, 0, 0]

English: [15, 922, 255, 20, 86, 93, 601, 48, 3, 14, 11, 345, 0, 0, 0, 0, 0, 0, 0, 0]
Sinhala: [2, 6, 3026, 60, 25, 10, 1238, 6, 81, 333, 217, 215, 3, 0, 0, 0, 0, 0, 0, 0]

English: [186, 2, 600, 1435, 7, 41, 165, 168, 16, 10, 112, 0, 0, 0, 0, 0, 0, 0, 0, 0]
Sinhala: [2, 108, 11, 40, 31, 2320, 149, 39, 65, 202, 966, 1693, 578, 3, 0, 0, 0, 0, 0, 0]

English: [5, 42, 4, 2748, 0, 0, 0, 0, 0, 0, 0, 0, 0, 0, 0, 0, 0, 0, 0, 0]
Sinhala: [2, 27, 175, 4613, 185, 12, 3, 0, 0, 0, 0, 0, 0, 0, 0, 0, 0, 0, 0, 0]

English: [50, 662, 262, 0, 0, 0, 0, 0, 0, 0, 0, 0, 0, 0, 0, 0, 0, 0, 0, 0]
Sinhala: [2, 32, 3939, 977, 193, 3, 0, 0, 0, 0, 0, 0, 0, 0, 0, 0, 0, 0, 0, 0]

English: [3, 254, 13, 1284, 0, 0, 0, 0, 0, 0, 0, 0, 0, 0, 0, 0, 0, 0, 0, 0]
Sinhala: [2, 4, 40, 3931, 236, 85, 3, 0, 0, 0, 0, 0, 0, 0, 0, 0, 0, 0, 0, 0]

English: [218, 36, 775, 271, 4, 883, 11, 264, 0, 0, 0, 0, 0, 0, 0, 0, 0, 0, 0, 0]
Sinhala: [2, 477, 1335, 39, 13, 21, 1002, 532, 135, 3, 0, 0, 0, 0, 0, 0, 0, 0, 0, 0]

English: [9, 533, 2, 2893, 0, 0, 0, 0, 0, 0, 0, 0, 0, 0, 0, 0, 0, 0, 0, 0]
Sinhala: [2, 9, 5145, 1264, 157, 3, 0, 0, 0, 0, 0, 0, 0, 0, 0, 0, 0, 0, 0, 0]

English: [5, 3822, 24, 1437, 18, 132, 22, 13, 9, 740, 44, 0, 0, 0, 0, 0, 0, 0, 0, 0]
Sinhala: [2, 5, 24, 983, 4684, 317, 13, 62, 83, 174, 262, 13, 26, 6, 1330, 3, 0, 0, 0, 0]

English: [25, 290, 21, 34, 25, 19, 4, 21, 29, 34, 25, 39, 4, 21, 0, 0, 0, 0, 0, 0]
Sinhala: [2, 14, 46, 25, 13, 150, 45, 113, 13, 150, 45, 4233, 3, 0, 0, 0, 0, 0, 0, 0]

English: [23, 1447, 37, 4, 163, 44, 63, 12, 24, 1333, 18, 9, 175, 0, 0, 0, 0, 0, 0, 0]
Sinhala: [2, 15, 33, 371, 24, 1750, 95, 67, 457, 609, 3, 0, 0, 0, 0, 0, 0, 0, 0, 0]

English: [3, 65, 1399, 5, 0, 0, 0, 0, 0, 0, 0, 0, 0, 0, 0, 0, 0, 0, 0, 0]
Sinhala: [2, 6, 5, 1111, 13, 89, 3, 0, 0, 0, 0, 0, 0, 0, 0, 0, 0, 0, 0, 0]

English: [67, 532, 17, 0, 0, 0, 0, 0, 0, 0, 0, 0, 0, 0, 0, 0, 0, 0, 0, 0]
Sinhala: [2, 76, 2440, 141, 3, 0, 0, 0, 0, 0, 0, 0, 0, 0, 0, 0, 0, 0, 0, 0]

English: [470, 33, 272, 4, 94, 48, 5, 8, 279, 851, 0, 0, 0, 0, 0, 0, 0, 0, 0, 0]
Sinhala: [2, 155, 25, 5, 763, 169, 3582, 643, 861, 3, 0, 0, 0, 0, 0, 0, 0, 0, 0, 0]

English: [3, 1836, 0, 0, 0, 0, 0, 0, 0, 0, 0, 0, 0, 0, 0, 0, 0, 0, 0, 0]
Sinhala: [2, 6, 7039, 908, 3, 0, 0, 0, 0, 0, 0, 0, 0, 0, 0, 0, 0, 0, 0, 0]

English: [33, 6, 7199, 0, 0, 0, 0, 0, 0, 0, 0, 0, 0, 0, 0, 0, 0, 0, 0, 0]
Sinhala: [2, 8, 11311, 3, 0, 0, 0, 0, 0, 0, 0, 0, 0, 0, 0, 0, 0, 0, 0, 0]

English: [21, 7, 71, 278, 96, 5500, 128, 188, 48, 50, 502, 0, 0, 0, 0, 0, 0, 0, 0, 0]
Sinhala: [2, 843, 68, 640, 305, 1079, 25, 90, 12729, 1589, 13, 1939, 7, 565, 3, 0, 0, 0, 0, 0]

English: [2, 474, 25, 756, 2, 75, 2424, 25, 454, 0, 0, 0, 0, 0, 0, 0, 0, 0, 0, 0]
Sinhala: [2, 14, 104, 94, 124, 511, 42, 4253, 277, 19, 14, 5673, 3, 0, 0, 0, 0, 0, 0, 0]

English: [8, 17, 2901, 0, 0, 0, 0, 0, 0, 0, 0, 0, 0, 0, 0, 0, 0, 0, 0, 0]
Sinhala: [2, 43, 3963, 3, 0, 0, 0, 0, 0, 0, 0, 0, 0, 0, 0, 0, 0, 0, 0, 0]

English: [26, 247, 0, 0, 0, 0, 0, 0, 0, 0, 0, 0, 0, 0, 0, 0, 0, 0, 0, 0]
Sinhala: [2, 4, 6229, 781, 3, 0, 0, 0, 0, 0, 0, 0, 0, 0, 0, 0, 0, 0, 0, 0]

English: [50, 43, 2189, 0, 0, 0, 0, 0, 0, 0, 0, 0, 0, 0, 0, 0, 0, 0, 0, 0]
Sinhala: [2, 32, 922, 3200, 3, 0, 0, 0, 0, 0, 0, 0, 0, 0, 0, 0, 0, 0, 0, 0]

English: [2, 483, 12, 36, 172, 140, 235, 8, 36, 1559, 0, 0, 0, 0, 0, 0, 0, 0, 0, 0]
Sinhala: [2, 21, 1108, 147, 1241, 606, 21, 2231, 29, 3, 0, 0, 0, 0, 0, 0, 0, 0, 0, 0]

English: [3, 99, 1020, 0, 0, 0, 0, 0, 0, 0, 0, 0, 0, 0, 0, 0, 0, 0, 0, 0]
Sinhala: [2, 8823, 3241, 732, 82, 16, 3, 0, 0, 0, 0, 0, 0, 0, 0, 0, 0, 0, 0, 0]

English: [5, 68, 1017, 22, 4, 440, 44, 463, 57, 712, 0, 0, 0, 0, 0, 0, 0, 0, 0, 0]
Sinhala: [2, 969, 43, 19, 2629, 111, 84, 130, 18, 265, 311, 3, 0, 0, 0, 0, 0, 0, 0, 0]

English: [53, 509, 110, 93, 3351, 410, 56, 1791, 0, 0, 0, 0, 0, 0, 0, 0, 0, 0, 0, 0]
Sinhala: [2, 43, 1265, 81, 1337, 4087, 375, 1284, 17, 3, 0, 0, 0, 0, 0, 0, 0, 0, 0, 0]

English: [5, 18, 22, 43, 104, 268, 16, 6, 315, 674, 0, 0, 0, 0, 0, 0, 0, 0, 0, 0]
Sinhala: [2, 5, 47, 34, 225, 173, 799, 217, 319, 3, 0, 0, 0, 0, 0, 0, 0, 0, 0, 0]

English: [11, 155, 780, 114, 245, 3044, 2997, 7, 0, 0, 0, 0, 0, 0, 0, 0, 0, 0, 0, 0]
Sinhala: [2, 1016, 988, 4, 290, 11, 1160, 405, 165, 562, 3, 0, 0, 0, 0, 0, 0, 0, 0, 0]

English: [10, 748, 388, 3297, 0, 0, 0, 0, 0, 0, 0, 0, 0, 0, 0, 0, 0, 0, 0, 0]
Sinhala: [2, 8, 10283, 611, 3, 0, 0, 0, 0, 0, 0, 0, 0, 0, 0, 0, 0, 0, 0, 0]

English: [34, 8, 2, 807, 422, 6333, 18, 670, 6980, 0, 0, 0, 0, 0, 0, 0, 0, 0, 0, 0]
Sinhala: [2, 6549, 47, 792, 5863, 62, 1305, 135, 3, 0, 0, 0, 0, 0, 0, 0, 0, 0, 0, 0]

English: [3, 45, 36, 1032, 0, 0, 0, 0, 0, 0, 0, 0, 0, 0, 0, 0, 0, 0, 0, 0]
Sinhala: [2, 4, 21, 2141, 125, 3, 0, 0, 0, 0, 0, 0, 0, 0, 0, 0, 0, 0, 0, 0]

English: [5, 8, 73, 89, 0, 0, 0, 0, 0, 0, 0, 0, 0, 0, 0, 0, 0, 0, 0, 0]
Sinhala: [2, 5, 90, 274, 3, 0, 0, 0, 0, 0, 0, 0, 0, 0, 0, 0, 0, 0, 0, 0]

English: [7088, 8, 60, 12, 2, 228, 560, 2343, 11, 2, 248, 0, 0, 0, 0, 0, 0, 0, 0, 0]
Sinhala: [2, 11294, 112, 1166, 396, 1481, 4892, 3, 0, 0, 0, 0, 0, 0, 0, 0, 0, 0, 0, 0]

English: [162, 3582, 461, 153, 25, 154, 157, 101, 312, 0, 0, 0, 0, 0, 0, 0, 0, 0, 0, 0]
Sinhala: [2, 14, 223, 676, 113, 727, 1190, 532, 100, 6156, 3, 0, 0, 0, 0, 0, 0, 0, 0, 0]

English: [9, 667, 11, 24, 613, 228, 12, 2, 253, 108, 353, 4, 246, 18, 2248, 0, 0, 0, 0, 0]
Sinhala: [2, 9, 721, 1068, 104, 94, 24, 3124, 807, 152, 367, 146, 4600, 20, 35, 718, 3, 0, 0, 0]

English: [25, 83, 261, 2, 7579, 1981, 59, 6, 2028, 962, 0, 0, 0, 0, 0, 0, 0, 0, 0, 0]
Sinhala: [2, 1477, 393, 5645, 164, 1337, 75, 1477, 63, 2632, 3, 0, 0, 0, 0, 0, 0, 0, 0, 0]

English: [5, 6802, 0, 0, 0, 0, 0, 0, 0, 0, 0, 0, 0, 0, 0, 0, 0, 0, 0, 0]
Sinhala: [2, 5, 4114, 129, 3, 0, 0, 0, 0, 0, 0, 0, 0, 0, 0, 0, 0, 0, 0, 0]

English: [5, 14, 919, 13, 24, 4285, 1503, 348, 27, 6, 190, 517, 0, 0, 0, 0, 0, 0, 0, 0]
Sinhala: [2, 24, 6107, 3327, 1953, 494, 12, 65, 26, 5, 974, 879, 3, 0, 0, 0, 0, 0, 0, 0]

English: [3, 19, 320, 696, 0, 0, 0, 0, 0, 0, 0, 0, 0, 0, 0, 0, 0, 0, 0, 0]
Sinhala: [2, 6, 81, 2328, 222, 3, 0, 0, 0, 0, 0, 0, 0, 0, 0, 0, 0, 0, 0, 0]

English: [15, 235, 8, 292, 3672, 720, 11, 2, 949, 0, 0, 0, 0, 0, 0, 0, 0, 0, 0, 0]
Sinhala: [2, 10, 786, 3047, 660, 7127, 600, 3, 0, 0, 0, 0, 0, 0, 0, 0, 0, 0, 0, 0]

English: [3, 19, 6, 269, 499, 172, 8, 66, 1425, 339, 0, 0, 0, 0, 0, 0, 0, 0, 0, 0]
Sinhala: [2, 6, 1175, 120, 1175, 143, 3, 0, 0, 0, 0, 0, 0, 0, 0, 0, 0, 0, 0, 0]

English: [43, 343, 0, 0, 0, 0, 0, 0, 0, 0, 0, 0, 0, 0, 0, 0, 0, 0, 0, 0]
Sinhala: [2, 14, 88, 85, 3, 0, 0, 0, 0, 0, 0, 0, 0, 0, 0, 0, 0, 0, 0, 0]

English: [74, 135, 5, 11, 0, 0, 0, 0, 0, 0, 0, 0, 0, 0, 0, 0, 0, 0, 0, 0]
Sinhala: [2, 27, 723, 55, 101, 3, 0, 0, 0, 0, 0, 0, 0, 0, 0, 0, 0, 0, 0, 0]

English: [3, 31, 71, 13, 26, 2, 104, 60, 67, 856, 0, 0, 0, 0, 0, 0, 0, 0, 0, 0]
Sinhala: [2, 4, 103, 22, 4, 2740, 72, 3, 0, 0, 0, 0, 0, 0, 0, 0, 0, 0, 0, 0]

English: [50, 138, 21, 185, 51, 589, 53, 18, 4992, 0, 0, 0, 0, 0, 0, 0, 0, 0, 0, 0]
Sinhala: [2, 204, 131, 13, 78, 36, 145, 756, 124, 384, 3, 0, 0, 0, 0, 0, 0, 0, 0, 0]

English: [26, 6, 854, 150, 0, 0, 0, 0, 0, 0, 0, 0, 0, 0, 0, 0, 0, 0, 0, 0]
Sinhala: [2, 4, 3052, 996, 3, 0, 0, 0, 0, 0, 0, 0, 0, 0, 0, 0, 0, 0, 0, 0]

English: [72, 25, 40, 0, 0, 0, 0, 0, 0, 0, 0, 0, 0, 0, 0, 0, 0, 0, 0, 0]
Sinhala: [2, 657, 14, 274, 3, 0, 0, 0, 0, 0, 0, 0, 0, 0, 0, 0, 0, 0, 0, 0]

English: [2, 2378, 18, 5192, 1790, 28, 1502, 30, 2, 1073, 12, 2, 3123, 0, 0, 0, 0, 0, 0, 0]
Sinhala: [2, 6450, 47, 12557, 3691, 6113, 1420, 1410, 16, 3, 0, 0, 0, 0, 0, 0, 0, 0, 0, 0]

English: [25, 107, 21, 13, 0, 0, 0, 0, 0, 0, 0, 0, 0, 0, 0, 0, 0, 0, 0, 0]
Sinhala: [2, 14, 251, 814, 73, 22, 3, 0, 0, 0, 0, 0, 0, 0, 0, 0, 0, 0, 0, 0]

English: [33, 134, 1228, 0, 0, 0, 0, 0, 0, 0, 0, 0, 0, 0, 0, 0, 0, 0, 0, 0]
Sinhala: [2, 8, 854, 3816, 3, 0, 0, 0, 0, 0, 0, 0, 0, 0, 0, 0, 0, 0, 0, 0]

English: [38, 503, 9, 3512, 36, 384, 9, 68, 199, 143, 38, 20, 0, 0, 0, 0, 0, 0, 0, 0]
Sinhala: [2, 563, 351, 9, 21, 448, 3754, 11168, 54, 2545, 1956, 3, 0, 0, 0, 0, 0, 0, 0, 0]

English: [6, 541, 41, 468, 0, 0, 0, 0, 0, 0, 0, 0, 0, 0, 0, 0, 0, 0, 0, 0]
Sinhala: [2, 8678, 661, 52, 3, 0, 0, 0, 0, 0, 0, 0, 0, 0, 0, 0, 0, 0, 0, 0]

English: [1146, 52, 2, 1067, 0, 0, 0, 0, 0, 0, 0, 0, 0, 0, 0, 0, 0, 0, 0, 0]
Sinhala: [2, 720, 1594, 28, 3, 0, 0, 0, 0, 0, 0, 0, 0, 0, 0, 0, 0, 0, 0, 0]

English: [153, 28, 2, 1865, 0, 0, 0, 0, 0, 0, 0, 0, 0, 0, 0, 0, 0, 0, 0, 0]
Sinhala: [2, 684, 2528, 247, 3, 0, 0, 0, 0, 0, 0, 0, 0, 0, 0, 0, 0, 0, 0, 0]

English: [7665, 6, 1765, 2011, 4, 36, 2554, 1182, 0, 0, 0, 0, 0, 0, 0, 0, 0, 0, 0, 0]
Sinhala: [2, 529, 12481, 954, 4401, 12487, 3, 0, 0, 0, 0, 0, 0, 0, 0, 0, 0, 0, 0, 0]

English: [260, 36, 356, 0, 0, 0, 0, 0, 0, 0, 0, 0, 0, 0, 0, 0, 0, 0, 0, 0]
Sinhala: [2, 778, 502, 688, 3, 0, 0, 0, 0, 0, 0, 0, 0, 0, 0, 0, 0, 0, 0, 0]

English: [9, 14, 3601, 47, 2, 859, 1208, 12, 2, 108, 0, 0, 0, 0, 0, 0, 0, 0, 0, 0]
Sinhala: [2, 9, 6292, 2857, 1303, 1586, 68, 5148, 58, 1485, 3, 0, 0, 0, 0, 0, 0, 0, 0, 0]

English: [5, 363, 60, 12, 2, 818, 18, 14, 1644, 56, 12, 182, 0, 0, 0, 0, 0, 0, 0, 0]
Sinhala: [2, 5, 224, 3974, 322, 122, 1696, 963, 5659, 1343, 3, 0, 0, 0, 0, 0, 0, 0, 0, 0]

English: [478, 243, 457, 18, 6, 190, 1401, 0, 0, 0, 0, 0, 0, 0, 0, 0, 0, 0, 0, 0]
Sinhala: [2, 53, 850, 465, 168, 60, 62, 144, 2755, 58, 180, 3, 0, 0, 0, 0, 0, 0, 0, 0]

English: [688, 54, 448, 447, 12, 288, 189, 17, 469, 0, 0, 0, 0, 0, 0, 0, 0, 0, 0, 0]
Sinhala: [2, 5978, 41, 1014, 711, 3517, 10321, 16, 3, 0, 0, 0, 0, 0, 0, 0, 0, 0, 0, 0]

English: [23, 84, 52, 237, 0, 0, 0, 0, 0, 0, 0, 0, 0, 0, 0, 0, 0, 0, 0, 0]
Sinhala: [2, 15, 1530, 172, 3, 0, 0, 0, 0, 0, 0, 0, 0, 0, 0, 0, 0, 0, 0, 0]

English: [28, 7, 1068, 0, 0, 0, 0, 0, 0, 0, 0, 0, 0, 0, 0, 0, 0, 0, 0, 0]
Sinhala: [2, 7, 1272, 10860, 3, 0, 0, 0, 0, 0, 0, 0, 0, 0, 0, 0, 0, 0, 0, 0]

English: [5, 186, 157, 24, 880, 103, 12, 6, 604, 341, 0, 0, 0, 0, 0, 0, 0, 0, 0, 0]
Sinhala: [2, 5, 1170, 1468, 24, 225, 3330, 439, 1067, 3, 0, 0, 0, 0, 0, 0, 0, 0, 0, 0]

English: [3, 54, 225, 4, 284, 34, 3, 826, 77, 2, 397, 12, 2, 369, 0, 0, 0, 0, 0, 0]
Sinhala: [2, 1508, 1213, 54, 933, 150, 45, 1440, 4, 88, 191, 3, 0, 0, 0, 0, 0, 0, 0, 0]

English: [3, 45, 6, 390, 499, 145, 18, 101, 1355, 28, 2, 239, 47, 395, 0, 0, 0, 0, 0, 0]
Sinhala: [2, 233, 146, 1027, 37, 10, 146, 624, 75, 11509, 3, 0, 0, 0, 0, 0, 0, 0, 0, 0]

English: [4, 263, 6, 518, 349, 2302, 6, 148, 12, 49, 0, 0, 0, 0, 0, 0, 0, 0, 0, 0]
Sinhala: [2, 949, 920, 159, 134, 31, 46, 94, 23, 70, 3, 0, 0, 0, 0, 0, 0, 0, 0, 0]

English: [7, 96, 134, 1808, 157, 13, 744, 5294, 36, 577, 0, 0, 0, 0, 0, 0, 0, 0, 0, 0]
Sinhala: [2, 7, 8, 818, 356, 13, 8407, 21, 2360, 992, 79, 3, 0, 0, 0, 0, 0, 0, 0, 0]

English: [97, 8, 9, 389, 0, 0, 0, 0, 0, 0, 0, 0, 0, 0, 0, 0, 0, 0, 0, 0]
Sinhala: [2, 9, 1202, 169, 153, 3, 0, 0, 0, 0, 0, 0, 0, 0, 0, 0, 0, 0, 0, 0]

English: [6572, 1850, 139, 3205, 59, 2, 2632, 12, 5639, 0, 0, 0, 0, 0, 0, 0, 0, 0, 0, 0]
Sinhala: [2, 11065, 9356, 11282, 4082, 388, 1067, 3, 0, 0, 0, 0, 0, 0, 0, 0, 0, 0, 0, 0]

English: [2506, 32, 44, 766, 23, 8, 29, 57, 599, 0, 0, 0, 0, 0, 0, 0, 0, 0, 0, 0]
Sinhala: [2, 93, 1737, 146, 3811, 25, 15, 192, 2509, 1333, 3, 0, 0, 0, 0, 0, 0, 0, 0, 0]

English: [33, 6, 93, 280, 0, 0, 0, 0, 0, 0, 0, 0, 0, 0, 0, 0, 0, 0, 0, 0]
Sinhala: [2, 8, 81, 6570, 3, 0, 0, 0, 0, 0, 0, 0, 0, 0, 0, 0, 0, 0, 0, 0]

English: [175, 192, 282, 19, 4, 263, 1545, 11, 36, 182, 0, 0, 0, 0, 0, 0, 0, 0, 0, 0]
Sinhala: [2, 53, 214, 4706, 21, 1527, 183, 9355, 159, 39, 535, 3, 0, 0, 0, 0, 0, 0, 0, 0]

English: [34, 19, 7, 247, 32, 15, 824, 10, 14, 72, 6, 800, 366, 0, 0, 0, 0, 0, 0, 0]
Sinhala: [2, 7, 10, 9429, 49, 392, 11314, 3885, 91, 97, 593, 3, 0, 0, 0, 0, 0, 0, 0, 0]

English: [15, 1780, 238, 90, 420, 46, 3, 5119, 2510, 0, 0, 0, 0, 0, 0, 0, 0, 0, 0, 0]
Sinhala: [2, 10, 1955, 608, 410, 1531, 2465, 3143, 8154, 3, 0, 0, 0, 0, 0, 0, 0, 0, 0, 0]

English: [11, 2, 111, 10, 8, 1818, 4, 3370, 78, 11, 472, 4, 62, 832, 59, 142, 0, 0, 0, 0]
Sinhala: [2, 412, 1012, 1864, 1069, 67, 134, 31, 997, 8045, 324, 57, 372, 1919, 29, 3, 0, 0, 0, 0]

English: [2, 339, 61, 1247, 2, 854, 4, 4457, 59, 498, 0, 0, 0, 0, 0, 0, 0, 0, 0, 0]
Sinhala: [2, 553, 322, 7955, 58, 514, 8206, 2227, 49, 61, 3, 0, 0, 0, 0, 0, 0, 0, 0, 0]

English: [87, 21, 2, 1675, 0, 0, 0, 0, 0, 0, 0, 0, 0, 0, 0, 0, 0, 0, 0, 0]
Sinhala: [2, 4, 1789, 2024, 481, 3, 0, 0, 0, 0, 0, 0, 0, 0, 0, 0, 0, 0, 0, 0]

English: [21, 7, 39, 15, 92, 0, 0, 0, 0, 0, 0, 0, 0, 0, 0, 0, 0, 0, 0, 0]
Sinhala: [2, 11, 10, 77, 422, 3, 0, 0, 0, 0, 0, 0, 0, 0, 0, 0, 0, 0, 0, 0]

English: [3, 68, 1950, 10, 0, 0, 0, 0, 0, 0, 0, 0, 0, 0, 0, 0, 0, 0, 0, 0]
Sinhala: [2, 4, 69, 3126, 98, 22, 3, 0, 0, 0, 0, 0, 0, 0, 0, 0, 0, 0, 0, 0]

English: [3, 54, 21, 15, 308, 0, 0, 0, 0, 0, 0, 0, 0, 0, 0, 0, 0, 0, 0, 0]
Sinhala: [2, 4, 10, 2314, 481, 3, 0, 0, 0, 0, 0, 0, 0, 0, 0, 0, 0, 0, 0, 0]

English: [5, 758, 0, 0, 0, 0, 0, 0, 0, 0, 0, 0, 0, 0, 0, 0, 0, 0, 0, 0]
Sinhala: [2, 5, 35, 48, 3, 0, 0, 0, 0, 0, 0, 0, 0, 0, 0, 0, 0, 0, 0, 0]

English: [2, 896, 2278, 2, 139, 488, 67, 43, 1183, 0, 0, 0, 0, 0, 0, 0, 0, 0, 0, 0]
Sinhala: [2, 684, 1260, 731, 13, 264, 1341, 732, 64, 3, 0, 0, 0, 0, 0, 0, 0, 0, 0, 0]

English: [5, 1106, 6, 1954, 4024, 1922, 30, 24, 191, 3930, 38, 6, 1068, 460, 11, 862, 0, 0, 0, 0]
Sinhala: [2, 5, 1653, 1272, 2649, 24, 194, 6603, 31, 2105, 3694, 1714, 12694, 10195, 10143, 461, 64, 3, 0, 0]

English: [3, 988, 0, 0, 0, 0, 0, 0, 0, 0, 0, 0, 0, 0, 0, 0, 0, 0, 0, 0]
Sinhala: [2, 4, 1808, 3, 0, 0, 0, 0, 0, 0, 0, 0, 0, 0, 0, 0, 0, 0, 0, 0]

English: [17, 8, 15, 2034, 0, 0, 0, 0, 0, 0, 0, 0, 0, 0, 0, 0, 0, 0, 0, 0]
Sinhala: [2, 76, 10, 8531, 3, 0, 0, 0, 0, 0, 0, 0, 0, 0, 0, 0, 0, 0, 0, 0]

English: [1937, 10, 30, 0, 0, 0, 0, 0, 0, 0, 0, 0, 0, 0, 0, 0, 0, 0, 0, 0]
Sinhala: [2, 8, 972, 28, 3, 0, 0, 0, 0, 0, 0, 0, 0, 0, 0, 0, 0, 0, 0, 0]

English: [2, 238, 532, 191, 5196, 30, 2, 2166, 0, 0, 0, 0, 0, 0, 0, 0, 0, 0, 0, 0]
Sinhala: [2, 410, 585, 5480, 194, 3917, 2763, 3, 0, 0, 0, 0, 0, 0, 0, 0, 0, 0, 0, 0]

English: [5, 291, 102, 1355, 0, 0, 0, 0, 0, 0, 0, 0, 0, 0, 0, 0, 0, 0, 0, 0]
Sinhala: [2, 5, 160, 37, 128, 129, 3, 0, 0, 0, 0, 0, 0, 0, 0, 0, 0, 0, 0, 0]

English: [9, 74, 4837, 20, 0, 0, 0, 0, 0, 0, 0, 0, 0, 0, 0, 0, 0, 0, 0, 0]
Sinhala: [2, 9, 6, 503, 2515, 1941, 3, 0, 0, 0, 0, 0, 0, 0, 0, 0, 0, 0, 0, 0]

English: [26, 4845, 626, 0, 0, 0, 0, 0, 0, 0, 0, 0, 0, 0, 0, 0, 0, 0, 0, 0]
Sinhala: [2, 6, 937, 3, 0, 0, 0, 0, 0, 0, 0, 0, 0, 0, 0, 0, 0, 0, 0, 0]

English: [3, 3249, 36, 3667, 0, 0, 0, 0, 0, 0, 0, 0, 0, 0, 0, 0, 0, 0, 0, 0]
Sinhala: [2, 4, 21, 4547, 942, 191, 3, 0, 0, 0, 0, 0, 0, 0, 0, 0, 0, 0, 0, 0]

English: [102, 507, 61, 3344, 875, 18, 1033, 770, 0, 0, 0, 0, 0, 0, 0, 0, 0, 0, 0, 0]
Sinhala: [2, 160, 3416, 214, 340, 625, 1112, 47, 561, 340, 3868, 16, 3, 0, 0, 0, 0, 0, 0, 0]

English: [5779, 7061, 637, 383, 38, 2, 565, 12, 4821, 0, 0, 0, 0, 0, 0, 0, 0, 0, 0, 0]
Sinhala: [2, 11749, 12775, 330, 212, 3497, 5801, 1480, 1813, 157, 3, 0, 0, 0, 0, 0, 0, 0, 0, 0]

English: [5, 183, 6, 609, 12, 371, 125, 100, 18, 732, 10, 4, 229, 0, 0, 0, 0, 0, 0, 0]
Sinhala: [2, 5, 435, 162, 161, 610, 1329, 167, 8, 3295, 1763, 16, 3, 0, 0, 0, 0, 0, 0, 0]

English: [5, 166, 1530, 452, 38, 503, 60, 561, 123, 381, 0, 0, 0, 0, 0, 0, 0, 0, 0, 0]
Sinhala: [2, 5, 53, 260, 348, 940, 563, 351, 3391, 4448, 2554, 339, 1267, 3, 0, 0, 0, 0, 0, 0]

English: [611, 136, 0, 0, 0, 0, 0, 0, 0, 0, 0, 0, 0, 0, 0, 0, 0, 0, 0, 0]
Sinhala: [2, 1458, 55, 3, 0, 0, 0, 0, 0, 0, 0, 0, 0, 0, 0, 0, 0, 0, 0, 0]

English: [5, 74, 5150, 0, 0, 0, 0, 0, 0, 0, 0, 0, 0, 0, 0, 0, 0, 0, 0, 0]
Sinhala: [2, 5, 2673, 7631, 3, 0, 0, 0, 0, 0, 0, 0, 0, 0, 0, 0, 0, 0, 0, 0]

English: [17, 8, 15, 1052, 0, 0, 0, 0, 0, 0, 0, 0, 0, 0, 0, 0, 0, 0, 0, 0]
Sinhala: [2, 43, 10, 3077, 3, 0, 0, 0, 0, 0, 0, 0, 0, 0, 0, 0, 0, 0, 0, 0]

English: [24, 661, 8, 171, 72, 57, 9, 583, 19, 504, 4, 182, 379, 0, 0, 0, 0, 0, 0, 0]
Sinhala: [2, 24, 1516, 5279, 40, 59, 33, 597, 923, 55, 187, 3, 0, 0, 0, 0, 0, 0, 0, 0]

English: [2, 6280, 3404, 12, 2, 2470, 28, 1269, 18, 2264, 2641, 0, 0, 0, 0, 0, 0, 0, 0, 0]
Sinhala: [2, 5181, 4596, 3284, 5169, 169, 1574, 146, 4556, 12488, 3, 0, 0, 0, 0, 0, 0, 0, 0, 0]

English: [46, 3, 42, 801, 55, 10, 3, 64, 19, 132, 7, 0, 0, 0, 0, 0, 0, 0, 0, 0]
Sinhala: [2, 4, 40, 19, 128, 483, 37, 4, 11, 1204, 3, 0, 0, 0, 0, 0, 0, 0, 0, 0]

English: [8, 17, 36, 6878, 0, 0, 0, 0, 0, 0, 0, 0, 0, 0, 0, 0, 0, 0, 0, 0]
Sinhala: [2, 76, 21, 10733, 90, 3, 0, 0, 0, 0, 0, 0, 0, 0, 0, 0, 0, 0, 0, 0]

English: [9, 4317, 13, 10, 64, 873, 37, 1715, 578, 0, 0, 0, 0, 0, 0, 0, 0, 0, 0, 0]
Sinhala: [2, 9, 3544, 98, 33, 490, 1886, 381, 950, 75, 66, 3, 0, 0, 0, 0, 0, 0, 0, 0]

English: [5, 61, 79, 403, 846, 16, 6, 70, 127, 49, 0, 0, 0, 0, 0, 0, 0, 0, 0, 0]
Sinhala: [2, 5, 74, 254, 94, 5050, 118, 82, 16, 3, 0, 0, 0, 0, 0, 0, 0, 0, 0, 0]

English: [1307, 1008, 80, 107, 73, 4, 165, 56, 0, 0, 0, 0, 0, 0, 0, 0, 0, 0, 0, 0]
Sinhala: [2, 2796, 3861, 7, 251, 10414, 22, 3, 0, 0, 0, 0, 0, 0, 0, 0, 0, 0, 0, 0]

English: [50, 255, 52, 0, 0, 0, 0, 0, 0, 0, 0, 0, 0, 0, 0, 0, 0, 0, 0, 0]
Sinhala: [2, 32, 2340, 3, 0, 0, 0, 0, 0, 0, 0, 0, 0, 0, 0, 0, 0, 0, 0, 0]

English: [7, 348, 39, 4, 525, 181, 17, 8, 73, 4, 95, 6, 222, 0, 0, 0, 0, 0, 0, 0]
Sinhala: [2, 11, 263, 87, 23, 12, 6847, 749, 1304, 580, 3, 0, 0, 0, 0, 0, 0, 0, 0, 0]

English: [120, 10, 1994, 0, 0, 0, 0, 0, 0, 0, 0, 0, 0, 0, 0, 0, 0, 0, 0, 0]
Sinhala: [2, 8, 548, 28, 3, 0, 0, 0, 0, 0, 0, 0, 0, 0, 0, 0, 0, 0, 0, 0]

English: [3, 31, 45, 58, 127, 10, 555, 4, 62, 4, 197, 59, 72, 0, 0, 0, 0, 0, 0, 0]
Sinhala: [2, 1236, 164, 294, 211, 102, 355, 94, 6088, 4, 710, 3, 0, 0, 0, 0, 0, 0, 0, 0]

English: [175, 10, 143, 200, 0, 0, 0, 0, 0, 0, 0, 0, 0, 0, 0, 0, 0, 0, 0, 0]
Sinhala: [2, 8, 216, 631, 190, 3, 0, 0, 0, 0, 0, 0, 0, 0, 0, 0, 0, 0, 0, 0]

English: [7, 42, 176, 95, 66, 707, 32, 7, 184, 0, 0, 0, 0, 0, 0, 0, 0, 0, 0, 0]
Sinhala: [2, 7, 92, 7, 20, 1694, 134, 564, 3, 0, 0, 0, 0, 0, 0, 0, 0, 0, 0, 0]

English: [3, 154, 182, 355, 0, 0, 0, 0, 0, 0, 0, 0, 0, 0, 0, 0, 0, 0, 0, 0]
Sinhala: [2, 4, 777, 963, 356, 172, 3, 0, 0, 0, 0, 0, 0, 0, 0, 0, 0, 0, 0, 0]

English: [3, 14, 1116, 0, 0, 0, 0, 0, 0, 0, 0, 0, 0, 0, 0, 0, 0, 0, 0, 0]
Sinhala: [2, 4, 530, 215, 3, 0, 0, 0, 0, 0, 0, 0, 0, 0, 0, 0, 0, 0, 0, 0]

English: [5, 113, 13, 9, 160, 4, 492, 55, 34, 281, 0, 0, 0, 0, 0, 0, 0, 0, 0, 0]
Sinhala: [2, 5, 207, 185, 60, 45, 19, 257, 18, 33, 23, 1644, 3, 0, 0, 0, 0, 0, 0, 0]

English: [7, 45, 20, 0, 0, 0, 0, 0, 0, 0, 0, 0, 0, 0, 0, 0, 0, 0, 0, 0]
Sinhala: [2, 86, 106, 125, 3, 0, 0, 0, 0, 0, 0, 0, 0, 0, 0, 0, 0, 0, 0, 0]

English: [3, 35, 4, 19, 505, 0, 0, 0, 0, 0, 0, 0, 0, 0, 0, 0, 0, 0, 0, 0]
Sinhala: [2, 4, 655, 87, 38, 3, 0, 0, 0, 0, 0, 0, 0, 0, 0, 0, 0, 0, 0, 0]

English: [2, 2693, 249, 6493, 37, 47, 6, 2791, 2156, 0, 0, 0, 0, 0, 0, 0, 0, 0, 0, 0]
Sinhala: [2, 4916, 1981, 2967, 12518, 58, 9, 2092, 64, 3, 0, 0, 0, 0, 0, 0, 0, 0, 0, 0]

English: [5, 4079, 0, 0, 0, 0, 0, 0, 0, 0, 0, 0, 0, 0, 0, 0, 0, 0, 0, 0]
Sinhala: [2, 5, 3682, 5790, 3, 0, 0, 0, 0, 0, 0, 0, 0, 0, 0, 0, 0, 0, 0, 0]

English: [17, 8, 1155, 0, 0, 0, 0, 0, 0, 0, 0, 0, 0, 0, 0, 0, 0, 0, 0, 0]
Sinhala: [2, 76, 501, 29, 3, 0, 0, 0, 0, 0, 0, 0, 0, 0, 0, 0, 0, 0, 0, 0]

English: [2, 339, 132, 20, 13, 3, 96, 441, 15, 316, 3970, 0, 0, 0, 0, 0, 0, 0, 0, 0]
Sinhala: [2, 514, 6, 218, 4, 10, 183, 802, 220, 13, 123, 72, 3, 0, 0, 0, 0, 0, 0, 0]

English: [67, 8, 452, 0, 0, 0, 0, 0, 0, 0, 0, 0, 0, 0, 0, 0, 0, 0, 0, 0]
Sinhala: [2, 1853, 4121, 141, 3, 0, 0, 0, 0, 0, 0, 0, 0, 0, 0, 0, 0, 0, 0, 0]

English: [114, 1571, 7, 136, 18, 136, 189, 29, 4, 21, 10, 0, 0, 0, 0, 0, 0, 0, 0, 0]
Sinhala: [2, 8, 1182, 4, 11, 100, 711, 482, 12672, 562, 3, 0, 0, 0, 0, 0, 0, 0, 0, 0]

English: [5, 311, 66, 3046, 1336, 16, 22, 32, 98, 9, 3899, 59, 24, 1058, 0, 0, 0, 0, 0, 0]
Sinhala: [2, 5, 83, 24, 4818, 6321, 60, 121, 20, 225, 6047, 1276, 4028, 226, 165, 157, 3, 0, 0, 0]

English: [5, 621, 58, 127, 10, 64, 95, 4, 440, 2, 178, 0, 0, 0, 0, 0, 0, 0, 0, 0]
Sinhala: [2, 5, 336, 98, 452, 130, 18, 355, 94, 1443, 569, 3, 0, 0, 0, 0, 0, 0, 0, 0]

English: [118, 63, 266, 0, 0, 0, 0, 0, 0, 0, 0, 0, 0, 0, 0, 0, 0, 0, 0, 0]
Sinhala: [2, 40, 219, 2746, 3, 0, 0, 0, 0, 0, 0, 0, 0, 0, 0, 0, 0, 0, 0, 0]

English: [76, 7, 622, 0, 0, 0, 0, 0, 0, 0, 0, 0, 0, 0, 0, 0, 0, 0, 0, 0]
Sinhala: [2, 7, 10370, 3, 0, 0, 0, 0, 0, 0, 0, 0, 0, 0, 0, 0, 0, 0, 0, 0]

English: [3, 19, 4, 21, 15, 178, 0, 0, 0, 0, 0, 0, 0, 0, 0, 0, 0, 0, 0, 0]
Sinhala: [2, 6, 10, 452, 13, 123, 3, 0, 0, 0, 0, 0, 0, 0, 0, 0, 0, 0, 0, 0]

English: [319, 192, 215, 11, 17, 270, 8, 7565, 0, 0, 0, 0, 0, 0, 0, 0, 0, 0, 0, 0]
Sinhala: [2, 43, 822, 53, 3373, 742, 10428, 29, 3, 0, 0, 0, 0, 0, 0, 0, 0, 0, 0, 0]

English: [3, 35, 1880, 0, 0, 0, 0, 0, 0, 0, 0, 0, 0, 0, 0, 0, 0, 0, 0, 0]
Sinhala: [2, 4, 2573, 96, 38, 3, 0, 0, 0, 0, 0, 0, 0, 0, 0, 0, 0, 0, 0, 0]

English: [23, 1434, 23, 42, 79, 564, 1033, 137, 1064, 0, 0, 0, 0, 0, 0, 0, 0, 0, 0, 0]
Sinhala: [2, 15, 335, 232, 2414, 91, 2049, 8156, 3, 0, 0, 0, 0, 0, 0, 0, 0, 0, 0, 0]

English: [25, 19, 4, 2128, 102, 270, 59, 2, 518, 7779, 0, 0, 0, 0, 0, 0, 0, 0, 0, 0]
Sinhala: [2, 949, 12336, 160, 797, 1212, 13, 123, 3, 0, 0, 0, 0, 0, 0, 0, 0, 0, 0, 0]

English: [336, 41, 1474, 17, 425, 59, 279, 1407, 56, 0, 0, 0, 0, 0, 0, 0, 0, 0, 0, 0]
Sinhala: [2, 41, 1484, 972, 277, 7835, 89, 3, 0, 0, 0, 0, 0, 0, 0, 0, 0, 0, 0, 0]

English: [186, 36, 384, 136, 36, 999, 48, 7, 1863, 3484, 140, 2582, 0, 0, 0, 0, 0, 0, 0, 0]
Sinhala: [2, 7, 3012, 3006, 137, 25, 21, 8590, 448, 578, 3, 0, 0, 0, 0, 0, 0, 0, 0, 0]

English: [2, 1259, 64, 27, 6, 176, 1999, 46, 10, 83, 1829, 3007, 0, 0, 0, 0, 0, 0, 0, 0]
Sinhala: [2, 2667, 2677, 65, 37, 1880, 42, 81, 5742, 154, 16, 3, 0, 0, 0, 0, 0, 0, 0, 0]

English: [26, 808, 0, 0, 0, 0, 0, 0, 0, 0, 0, 0, 0, 0, 0, 0, 0, 0, 0, 0]
Sinhala: [2, 4, 3676, 3, 0, 0, 0, 0, 0, 0, 0, 0, 0, 0, 0, 0, 0, 0, 0, 0]

English: [50, 2198, 5, 0, 0, 0, 0, 0, 0, 0, 0, 0, 0, 0, 0, 0, 0, 0, 0, 0]
Sinhala: [2, 32, 5, 6580, 3, 0, 0, 0, 0, 0, 0, 0, 0, 0, 0, 0, 0, 0, 0, 0]

English: [95, 6, 1072, 0, 0, 0, 0, 0, 0, 0, 0, 0, 0, 0, 0, 0, 0, 0, 0, 0]
Sinhala: [2, 3723, 114, 3, 0, 0, 0, 0, 0, 0, 0, 0, 0, 0, 0, 0, 0, 0, 0, 0]

English: [5, 18, 22, 31, 62, 543, 50, 19, 210, 11, 1193, 0, 0, 0, 0, 0, 0, 0, 0, 0]
Sinhala: [2, 5, 47, 34, 505, 9893, 1783, 131, 17, 3, 0, 0, 0, 0, 0, 0, 0, 0, 0, 0]

English: [31, 135, 37, 468, 0, 0, 0, 0, 0, 0, 0, 0, 0, 0, 0, 0, 0, 0, 0, 0]
Sinhala: [2, 33, 661, 209, 2518, 3, 0, 0, 0, 0, 0, 0, 0, 0, 0, 0, 0, 0, 0, 0]

English: [6, 1382, 13, 7202, 383, 1097, 8, 812, 91, 155, 158, 1382, 0, 0, 0, 0, 0, 0, 0, 0]
Sinhala: [2, 10685, 3814, 4008, 1404, 202, 8493, 42, 396, 216, 29, 3, 0, 0, 0, 0, 0, 0, 0, 0]

English: [7, 96, 273, 36, 172, 47, 217, 47, 515, 0, 0, 0, 0, 0, 0, 0, 0, 0, 0, 0]
Sinhala: [2, 7, 65, 292, 21, 1055, 35, 13, 123, 3, 0, 0, 0, 0, 0, 0, 0, 0, 0, 0]

English: [3, 14, 715, 13, 3, 14, 173, 4, 165, 6, 93, 3207, 0, 0, 0, 0, 0, 0, 0, 0]
Sinhala: [2, 81, 4708, 149, 44, 6, 65, 277, 19, 4, 1390, 12, 3, 0, 0, 0, 0, 0, 0, 0]

English: [8, 10, 294, 13, 7, 781, 36, 187, 4, 2, 387, 0, 0, 0, 0, 0, 0, 0, 0, 0]
Sinhala: [2, 7, 21, 307, 1205, 167, 1370, 26, 1463, 3, 0, 0, 0, 0, 0, 0, 0, 0, 0, 0]

English: [63, 488, 28, 2109, 0, 0, 0, 0, 0, 0, 0, 0, 0, 0, 0, 0, 0, 0, 0, 0]
Sinhala: [2, 449, 264, 624, 70, 3, 0, 0, 0, 0, 0, 0, 0, 0, 0, 0, 0, 0, 0, 0]

English: [3, 99, 66, 6845, 923, 12, 2884, 0, 0, 0, 0, 0, 0, 0, 0, 0, 0, 0, 0, 0]
Sinhala: [2, 4, 330, 212, 10450, 3730, 6090, 3843, 3, 0, 0, 0, 0, 0, 0, 0, 0, 0, 0, 0]

English: [112, 729, 52, 0, 0, 0, 0, 0, 0, 0, 0, 0, 0, 0, 0, 0, 0, 0, 0, 0]
Sinhala: [2, 108, 495, 338, 3, 0, 0, 0, 0, 0, 0, 0, 0, 0, 0, 0, 0, 0, 0, 0]

English: [41, 7, 1512, 34, 159, 64, 27, 35, 214, 886, 0, 0, 0, 0, 0, 0, 0, 0, 0, 0]
Sinhala: [2, 8235, 846, 300, 2593, 2116, 11, 2099, 119, 3, 0, 0, 0, 0, 0, 0, 0, 0, 0, 0]

English: [5, 8, 1401, 0, 0, 0, 0, 0, 0, 0, 0, 0, 0, 0, 0, 0, 0, 0, 0, 0]
Sinhala: [2, 5, 2430, 3, 0, 0, 0, 0, 0, 0, 0, 0, 0, 0, 0, 0, 0, 0, 0, 0]

English: [118, 6, 152, 0, 0, 0, 0, 0, 0, 0, 0, 0, 0, 0, 0, 0, 0, 0, 0, 0]
Sinhala: [2, 8, 556, 3, 0, 0, 0, 0, 0, 0, 0, 0, 0, 0, 0, 0, 0, 0, 0, 0]

English: [5, 14, 728, 6, 7461, 4620, 57, 2, 3174, 68, 700, 37, 0, 0, 0, 0, 0, 0, 0, 0]
Sinhala: [2, 5, 385, 11985, 11394, 122, 2326, 40, 59, 4555, 110, 8789, 17, 3, 0, 0, 0, 0, 0, 0]

English: [5745, 4, 2, 889, 2, 816, 83, 29, 193, 2337, 0, 0, 0, 0, 0, 0, 0, 0, 0, 0]
Sinhala: [2, 1127, 59, 1426, 5119, 2852, 78, 12, 3, 0, 0, 0, 0, 0, 0, 0, 0, 0, 0, 0]

English: [7, 28, 1233, 16, 2, 682, 12, 2, 329, 0, 0, 0, 0, 0, 0, 0, 0, 0, 0, 0]
Sinhala: [2, 2937, 4065, 7, 1500, 71, 3, 0, 0, 0, 0, 0, 0, 0, 0, 0, 0, 0, 0, 0]

English: [197, 8, 2151, 0, 0, 0, 0, 0, 0, 0, 0, 0, 0, 0, 0, 0, 0, 0, 0, 0]
Sinhala: [2, 294, 220, 654, 518, 3, 0, 0, 0, 0, 0, 0, 0, 0, 0, 0, 0, 0, 0, 0]

English: [2, 568, 56, 14, 75, 2806, 91, 2, 571, 0, 0, 0, 0, 0, 0, 0, 0, 0, 0, 0]
Sinhala: [2, 1556, 302, 707, 42, 4189, 12, 3, 0, 0, 0, 0, 0, 0, 0, 0, 0, 0, 0, 0]

English: [28, 7, 861, 0, 0, 0, 0, 0, 0, 0, 0, 0, 0, 0, 0, 0, 0, 0, 0, 0]
Sinhala: [2, 7, 5015, 3, 0, 0, 0, 0, 0, 0, 0, 0, 0, 0, 0, 0, 0, 0, 0, 0]

English: [3, 71, 33, 664, 13, 2, 253, 4621, 12, 1718, 54, 81, 56, 123, 2, 397, 12, 17, 369, 0]
Sinhala: [2, 4, 103, 43, 1770, 6477, 91, 7784, 365, 721, 12547, 375, 3604, 286, 865, 89, 3, 0, 0, 0]

English: [368, 759, 0, 0, 0, 0, 0, 0, 0, 0, 0, 0, 0, 0, 0, 0, 0, 0, 0, 0]
Sinhala: [2, 3595, 2869, 3, 0, 0, 0, 0, 0, 0, 0, 0, 0, 0, 0, 0, 0, 0, 0, 0]

English: [3, 84, 360, 184, 0, 0, 0, 0, 0, 0, 0, 0, 0, 0, 0, 0, 0, 0, 0, 0]
Sinhala: [2, 6, 92, 965, 172, 3, 0, 0, 0, 0, 0, 0, 0, 0, 0, 0, 0, 0, 0, 0]

English: [80, 2114, 0, 0, 0, 0, 0, 0, 0, 0, 0, 0, 0, 0, 0, 0, 0, 0, 0, 0]
Sinhala: [2, 7, 572, 314, 85, 3, 0, 0, 0, 0, 0, 0, 0, 0, 0, 0, 0, 0, 0, 0]

English: [7, 143, 4086, 0, 0, 0, 0, 0, 0, 0, 0, 0, 0, 0, 0, 0, 0, 0, 0, 0]
Sinhala: [2, 7, 8393, 3, 0, 0, 0, 0, 0, 0, 0, 0, 0, 0, 0, 0, 0, 0, 0, 0]

English: [3, 290, 141, 1547, 0, 0, 0, 0, 0, 0, 0, 0, 0, 0, 0, 0, 0, 0, 0, 0]
Sinhala: [2, 4, 46, 25, 6145, 570, 647, 3, 0, 0, 0, 0, 0, 0, 0, 0, 0, 0, 0, 0]

English: [8, 10, 685, 1594, 49, 343, 4, 92, 78, 67, 31, 39, 4, 27, 680, 0, 0, 0, 0, 0]
Sinhala: [2, 77, 18, 507, 785, 1457, 18, 133, 39, 57, 1499, 90, 3, 0, 0, 0, 0, 0, 0, 0]

English: [25, 988, 11, 6, 4846, 0, 0, 0, 0, 0, 0, 0, 0, 0, 0, 0, 0, 0, 0, 0]
Sinhala: [2, 14, 11278, 1808, 3, 0, 0, 0, 0, 0, 0, 0, 0, 0, 0, 0, 0, 0, 0, 0]

English: [5, 1540, 2, 694, 12, 159, 51, 9, 211, 94, 20, 0, 0, 0, 0, 0, 0, 0, 0, 0]
Sinhala: [2, 5, 666, 1760, 2088, 36, 9, 6, 528, 22, 3, 0, 0, 0, 0, 0, 0, 0, 0, 0]

English: [31, 186, 157, 289, 226, 34, 7, 41, 21, 184, 0, 0, 0, 0, 0, 0, 0, 0, 0, 0]
Sinhala: [2, 92, 11, 13, 65, 45, 210, 641, 439, 5714, 3, 0, 0, 0, 0, 0, 0, 0, 0, 0]

English: [1681, 36, 1661, 0, 0, 0, 0, 0, 0, 0, 0, 0, 0, 0, 0, 0, 0, 0, 0, 0]
Sinhala: [2, 21, 1369, 1123, 28, 3, 0, 0, 0, 0, 0, 0, 0, 0, 0, 0, 0, 0, 0, 0]

English: [50, 2495, 0, 0, 0, 0, 0, 0, 0, 0, 0, 0, 0, 0, 0, 0, 0, 0, 0, 0]
Sinhala: [2, 32, 752, 1309, 3, 0, 0, 0, 0, 0, 0, 0, 0, 0, 0, 0, 0, 0, 0, 0]

English: [69, 158, 900, 11, 264, 8, 47, 517, 47, 1494, 2080, 0, 0, 0, 0, 0, 0, 0, 0, 0]
Sinhala: [2, 477, 245, 403, 3593, 11125, 75, 3714, 170, 494, 2464, 17, 3, 0, 0, 0, 0, 0, 0, 0]

English: [43, 11, 1198, 0, 0, 0, 0, 0, 0, 0, 0, 0, 0, 0, 0, 0, 0, 0, 0, 0]
Sinhala: [2, 14, 2183, 511, 3, 0, 0, 0, 0, 0, 0, 0, 0, 0, 0, 0, 0, 0, 0, 0]

English: [10, 14, 15, 1136, 0, 0, 0, 0, 0, 0, 0, 0, 0, 0, 0, 0, 0, 0, 0, 0]
Sinhala: [2, 8, 10, 5922, 3, 0, 0, 0, 0, 0, 0, 0, 0, 0, 0, 0, 0, 0, 0, 0]

English: [3, 42, 66, 280, 0, 0, 0, 0, 0, 0, 0, 0, 0, 0, 0, 0, 0, 0, 0, 0]
Sinhala: [2, 6, 470, 380, 3, 0, 0, 0, 0, 0, 0, 0, 0, 0, 0, 0, 0, 0, 0, 0]

English: [5, 14, 147, 0, 0, 0, 0, 0, 0, 0, 0, 0, 0, 0, 0, 0, 0, 0, 0, 0]
Sinhala: [2, 5, 762, 12, 3, 0, 0, 0, 0, 0, 0, 0, 0, 0, 0, 0, 0, 0, 0, 0]

English: [80, 699, 189, 0, 0, 0, 0, 0, 0, 0, 0, 0, 0, 0, 0, 0, 0, 0, 0, 0]
Sinhala: [2, 86, 3646, 305, 546, 3, 0, 0, 0, 0, 0, 0, 0, 0, 0, 0, 0, 0, 0, 0]

English: [10, 64, 27, 320, 46, 7, 83, 1050, 111, 16, 361, 0, 0, 0, 0, 0, 0, 0, 0, 0]
Sinhala: [2, 11, 250, 179, 31, 113, 146, 6308, 65, 37, 8, 1099, 3, 0, 0, 0, 0, 0, 0, 0]

English: [2, 215, 67, 673, 2, 257, 18, 196, 11, 14, 66, 4645, 1947, 0, 0, 0, 0, 0, 0, 0]
Sinhala: [2, 352, 366, 49, 1088, 1110, 4606, 3, 0, 0, 0, 0, 0, 0, 0, 0, 0, 0, 0, 0]

English: [9, 4228, 0, 0, 0, 0, 0, 0, 0, 0, 0, 0, 0, 0, 0, 0, 0, 0, 0, 0]
Sinhala: [2, 9, 4481, 3, 0, 0, 0, 0, 0, 0, 0, 0, 0, 0, 0, 0, 0, 0, 0, 0]

English: [9, 8, 15, 843, 0, 0, 0, 0, 0, 0, 0, 0, 0, 0, 0, 0, 0, 0, 0, 0]
Sinhala: [2, 9, 10, 1619, 3, 0, 0, 0, 0, 0, 0, 0, 0, 0, 0, 0, 0, 0, 0, 0]

English: [9, 65, 94, 6, 2148, 648, 59, 6, 5621, 648, 51, 9, 41, 297, 142, 11, 1313, 765, 0, 0]
Sinhala: [2, 6341, 9769, 164, 2970, 2586, 571, 89, 36, 33, 267, 957, 10247, 267, 37, 13, 52, 3, 0, 0]

English: [33, 131, 280, 0, 0, 0, 0, 0, 0, 0, 0, 0, 0, 0, 0, 0, 0, 0, 0, 0]
Sinhala: [2, 8, 140, 12617, 3, 0, 0, 0, 0, 0, 0, 0, 0, 0, 0, 0, 0, 0, 0, 0]

English: [3, 135, 5, 622, 0, 0, 0, 0, 0, 0, 0, 0, 0, 0, 0, 0, 0, 0, 0, 0]
Sinhala: [2, 4, 1687, 7786, 3, 0, 0, 0, 0, 0, 0, 0, 0, 0, 0, 0, 0, 0, 0, 0]

English: [490, 30, 6, 650, 0, 0, 0, 0, 0, 0, 0, 0, 0, 0, 0, 0, 0, 0, 0, 0]
Sinhala: [2, 2961, 198, 114, 3, 0, 0, 0, 0, 0, 0, 0, 0, 0, 0, 0, 0, 0, 0, 0]

English: [21, 7, 85, 4, 40, 0, 0, 0, 0, 0, 0, 0, 0, 0, 0, 0, 0, 0, 0, 0]
Sinhala: [2, 11, 176, 535, 3, 0, 0, 0, 0, 0, 0, 0, 0, 0, 0, 0, 0, 0, 0, 0]

English: [5, 161, 22, 4, 92, 229, 32, 24, 463, 7681, 0, 0, 0, 0, 0, 0, 0, 0, 0, 0]
Sinhala: [2, 5, 34, 442, 175, 152, 24, 111, 84, 9454, 20, 2568, 77, 28, 3, 0, 0, 0, 0, 0]

English: [5, 14, 457, 4, 82, 22, 38, 182, 30, 1090, 0, 0, 0, 0, 0, 0, 0, 0, 0, 0]
Sinhala: [2, 5, 465, 168, 173, 1460, 34, 2495, 2495, 5888, 3, 0, 0, 0, 0, 0, 0, 0, 0, 0]

English: [131, 1889, 0, 0, 0, 0, 0, 0, 0, 0, 0, 0, 0, 0, 0, 0, 0, 0, 0, 0]
Sinhala: [2, 5, 719, 3, 0, 0, 0, 0, 0, 0, 0, 0, 0, 0, 0, 0, 0, 0, 0, 0]

English: [3, 319, 84, 637, 0, 0, 0, 0, 0, 0, 0, 0, 0, 0, 0, 0, 0, 0, 0, 0]
Sinhala: [2, 4, 1237, 3, 0, 0, 0, 0, 0, 0, 0, 0, 0, 0, 0, 0, 0, 0, 0, 0]

English: [87, 313, 6, 148, 0, 0, 0, 0, 0, 0, 0, 0, 0, 0, 0, 0, 0, 0, 0, 0]
Sinhala: [2, 4, 166, 1793, 481, 3, 0, 0, 0, 0, 0, 0, 0, 0, 0, 0, 0, 0, 0, 0]

English: [3, 39, 4, 165, 56, 46, 5, 8, 73, 4, 40, 56, 18, 141, 32, 111, 0, 0, 0, 0]
Sinhala: [2, 5, 289, 234, 113, 20, 491, 278, 360, 149, 44, 6, 694, 3, 0, 0, 0, 0, 0, 0]

English: [25, 85, 98, 0, 0, 0, 0, 0, 0, 0, 0, 0, 0, 0, 0, 0, 0, 0, 0, 0]
Sinhala: [2, 63, 121, 51, 3, 0, 0, 0, 0, 0, 0, 0, 0, 0, 0, 0, 0, 0, 0, 0]

English: [335, 19, 17, 2503, 726, 77, 2857, 226, 211, 7, 0, 0, 0, 0, 0, 0, 0, 0, 0, 0]
Sinhala: [2, 11, 41, 4957, 210, 714, 75, 25, 796, 16, 814, 1424, 3, 0, 0, 0, 0, 0, 0, 0]

English: [3, 254, 15, 843, 0, 0, 0, 0, 0, 0, 0, 0, 0, 0, 0, 0, 0, 0, 0, 0]
Sinhala: [2, 4, 10, 2439, 236, 85, 3, 0, 0, 0, 0, 0, 0, 0, 0, 0, 0, 0, 0, 0]

English: [3, 54, 19, 5811, 6, 956, 1003, 77, 2, 397, 12, 2, 231, 0, 0, 0, 0, 0, 0, 0]
Sinhala: [2, 4, 232, 1027, 75, 25, 874, 999, 67, 2285, 3, 0, 0, 0, 0, 0, 0, 0, 0, 0]

English: [58, 110, 362, 1290, 76, 7, 385, 101, 231, 0, 0, 0, 0, 0, 0, 0, 0, 0, 0, 0]
Sinhala: [2, 308, 551, 7, 468, 2035, 1018, 5153, 3, 0, 0, 0, 0, 0, 0, 0, 0, 0, 0, 0]

English: [5, 364, 4, 755, 55, 58, 9, 14, 73, 4, 284, 16, 24, 1226, 1063, 0, 0, 0, 0, 0]
Sinhala: [2, 5, 68, 4141, 1582, 31, 2974, 256, 55, 19, 362, 12, 3, 0, 0, 0, 0, 0, 0, 0]

English: [41, 9, 167, 144, 0, 0, 0, 0, 0, 0, 0, 0, 0, 0, 0, 0, 0, 0, 0, 0]
Sinhala: [2, 33, 139, 184, 35, 13, 119, 3, 0, 0, 0, 0, 0, 0, 0, 0, 0, 0, 0, 0]

English: [10, 8, 515, 13, 7, 19, 245, 208, 17, 152, 0, 0, 0, 0, 0, 0, 0, 0, 0, 0]
Sinhala: [2, 7, 290, 41, 227, 1128, 30, 26, 180, 3, 0, 0, 0, 0, 0, 0, 0, 0, 0, 0]

English: [446, 20, 2, 98, 0, 0, 0, 0, 0, 0, 0, 0, 0, 0, 0, 0, 0, 0, 0, 0]
Sinhala: [2, 6, 121, 2196, 3, 0, 0, 0, 0, 0, 0, 0, 0, 0, 0, 0, 0, 0, 0, 0]

English: [3, 45, 80, 699, 0, 0, 0, 0, 0, 0, 0, 0, 0, 0, 0, 0, 0, 0, 0, 0]
Sinhala: [2, 4, 125, 86, 305, 546, 72, 3, 0, 0, 0, 0, 0, 0, 0, 0, 0, 0, 0, 0]

English: [23, 1035, 13, 3, 96, 531, 2, 2173, 0, 0, 0, 0, 0, 0, 0, 0, 0, 0, 0, 0]
Sinhala: [2, 15, 823, 98, 4, 2535, 411, 475, 13, 150, 66, 3, 0, 0, 0, 0, 0, 0, 0, 0]

English: [3, 39, 4, 4247, 0, 0, 0, 0, 0, 0, 0, 0, 0, 0, 0, 0, 0, 0, 0, 0]
Sinhala: [2, 6, 2499, 18, 51, 3, 0, 0, 0, 0, 0, 0, 0, 0, 0, 0, 0, 0, 0, 0]

English: [5, 255, 20, 6, 824, 0, 0, 0, 0, 0, 0, 0, 0, 0, 0, 0, 0, 0, 0, 0]
Sinhala: [2, 5, 6, 4168, 215, 3, 0, 0, 0, 0, 0, 0, 0, 0, 0, 0, 0, 0, 0, 0]

English: [21, 7, 19, 6, 1269, 0, 0, 0, 0, 0, 0, 0, 0, 0, 0, 0, 0, 0, 0, 0]
Sinhala: [2, 11, 1574, 190, 3, 0, 0, 0, 0, 0, 0, 0, 0, 0, 0, 0, 0, 0, 0, 0]

English: [74, 27, 219, 4, 193, 36, 1348, 11, 2, 607, 0, 0, 0, 0, 0, 0, 0, 0, 0, 0]
Sinhala: [2, 529, 700, 314, 1779, 1875, 1071, 912, 124, 114, 3, 0, 0, 0, 0, 0, 0, 0, 0, 0]

English: [5, 65, 167, 144, 214, 636, 698, 0, 0, 0, 0, 0, 0, 0, 0, 0, 0, 0, 0, 0]
Sinhala: [2, 27, 515, 1423, 139, 184, 35, 13, 89, 3, 0, 0, 0, 0, 0, 0, 0, 0, 0, 0]

English: [3, 838, 6, 148, 0, 0, 0, 0, 0, 0, 0, 0, 0, 0, 0, 0, 0, 0, 0, 0]
Sinhala: [2, 4, 166, 2468, 3, 0, 0, 0, 0, 0, 0, 0, 0, 0, 0, 0, 0, 0, 0, 0]

English: [726, 11, 338, 191, 17, 152, 8, 1731, 16, 4368, 0, 0, 0, 0, 0, 0, 0, 0, 0, 0]
Sinhala: [2, 467, 194, 630, 796, 30, 41, 227, 6429, 31, 1032, 70, 3, 0, 0, 0, 0, 0, 0, 0]

English: [5, 1298, 126, 0, 0, 0, 0, 0, 0, 0, 0, 0, 0, 0, 0, 0, 0, 0, 0, 0]
Sinhala: [2, 5, 302, 343, 215, 3, 0, 0, 0, 0, 0, 0, 0, 0, 0, 0, 0, 0, 0, 0]

English: [28, 7, 2025, 0, 0, 0, 0, 0, 0, 0, 0, 0, 0, 0, 0, 0, 0, 0, 0, 0]
Sinhala: [2, 182, 7830, 3, 0, 0, 0, 0, 0, 0, 0, 0, 0, 0, 0, 0, 0, 0, 0, 0]

English: [3, 391, 3, 43, 485, 0, 0, 0, 0, 0, 0, 0, 0, 0, 0, 0, 0, 0, 0, 0]
Sinhala: [2, 4, 1535, 138, 696, 3, 0, 0, 0, 0, 0, 0, 0, 0, 0, 0, 0, 0, 0, 0]

English: [11, 1583, 12, 2, 284, 7, 54, 62, 8, 17, 6, 93, 178, 0, 0, 0, 0, 0, 0, 0]
Sinhala: [2, 11, 3955, 1750, 549, 76, 81, 589, 90, 3, 0, 0, 0, 0, 0, 0, 0, 0, 0, 0]

English: [6244, 3097, 1179, 115, 13, 270, 54, 27, 6, 1039, 5544, 0, 0, 0, 0, 0, 0, 0, 0, 0]
Sinhala: [2, 158, 797, 228, 5618, 283, 1893, 1538, 1772, 11566, 154, 16, 3, 0, 0, 0, 0, 0, 0, 0]

English: [46, 23, 291, 36, 970, 23, 64, 385, 4, 7, 0, 0, 0, 0, 0, 0, 0, 0, 0, 0]
Sinhala: [2, 15, 21, 1230, 128, 152, 37, 15, 11, 2763, 3, 0, 0, 0, 0, 0, 0, 0, 0, 0]

English: [63, 7, 19, 4, 21, 8, 4, 385, 36, 297, 18, 970, 72, 0, 0, 0, 0, 0, 0, 0]
Sinhala: [2, 7, 13, 656, 21, 344, 47, 1230, 97, 8122, 3, 0, 0, 0, 0, 0, 0, 0, 0, 0]

English: [5, 1056, 7, 0, 0, 0, 0, 0, 0, 0, 0, 0, 0, 0, 0, 0, 0, 0, 0, 0]
Sinhala: [2, 5, 11, 236, 79, 3, 0, 0, 0, 0, 0, 0, 0, 0, 0, 0, 0, 0, 0, 0]

English: [9, 532, 6, 669, 30, 2, 825, 51, 3, 68, 195, 2, 669, 0, 0, 0, 0, 0, 0, 0]
Sinhala: [2, 9, 938, 156, 3262, 2763, 36, 6, 2136, 3491, 17, 3, 0, 0, 0, 0, 0, 0, 0, 0]

English: [28, 7, 2174, 0, 0, 0, 0, 0, 0, 0, 0, 0, 0, 0, 0, 0, 0, 0, 0, 0]
Sinhala: [2, 7, 10720, 3, 0, 0, 0, 0, 0, 0, 0, 0, 0, 0, 0, 0, 0, 0, 0, 0]

English: [105, 93, 0, 0, 0, 0, 0, 0, 0, 0, 0, 0, 0, 0, 0, 0, 0, 0, 0, 0]
Sinhala: [2, 9, 241, 3, 0, 0, 0, 0, 0, 0, 0, 0, 0, 0, 0, 0, 0, 0, 0, 0]

English: [33, 2169, 590, 0, 0, 0, 0, 0, 0, 0, 0, 0, 0, 0, 0, 0, 0, 0, 0, 0]
Sinhala: [2, 8, 10669, 3, 0, 0, 0, 0, 0, 0, 0, 0, 0, 0, 0, 0, 0, 0, 0, 0]

English: [17, 8, 1441, 0, 0, 0, 0, 0, 0, 0, 0, 0, 0, 0, 0, 0, 0, 0, 0, 0]
Sinhala: [2, 43, 2299, 3, 0, 0, 0, 0, 0, 0, 0, 0, 0, 0, 0, 0, 0, 0, 0, 0]

English: [87, 62, 6, 2158, 0, 0, 0, 0, 0, 0, 0, 0, 0, 0, 0, 0, 0, 0, 0, 0]
Sinhala: [2, 4, 3014, 464, 1074, 3, 0, 0, 0, 0, 0, 0, 0, 0, 0, 0, 0, 0, 0, 0]

English: [63, 7, 252, 21, 8, 5854, 3, 391, 7, 83, 129, 117, 75, 7194, 0, 0, 0, 0, 0, 0]
Sinhala: [2, 7, 1021, 147, 73, 10194, 8451, 38, 11, 396, 12724, 1927, 107, 571, 52, 3, 0, 0, 0, 0]

English: [88, 611, 30, 0, 0, 0, 0, 0, 0, 0, 0, 0, 0, 0, 0, 0, 0, 0, 0, 0]
Sinhala: [2, 80, 505, 55, 3, 0, 0, 0, 0, 0, 0, 0, 0, 0, 0, 0, 0, 0, 0, 0]

English: [3, 14, 1561, 0, 0, 0, 0, 0, 0, 0, 0, 0, 0, 0, 0, 0, 0, 0, 0, 0]
Sinhala: [2, 106, 1470, 129, 3, 0, 0, 0, 0, 0, 0, 0, 0, 0, 0, 0, 0, 0, 0, 0]

English: [3, 826, 5, 98, 0, 0, 0, 0, 0, 0, 0, 0, 0, 0, 0, 0, 0, 0, 0, 0]
Sinhala: [2, 4, 27, 121, 933, 123, 3, 0, 0, 0, 0, 0, 0, 0, 0, 0, 0, 0, 0, 0]

English: [23, 1414, 7, 0, 0, 0, 0, 0, 0, 0, 0, 0, 0, 0, 0, 0, 0, 0, 0, 0]
Sinhala: [2, 15, 163, 1528, 1189, 3, 0, 0, 0, 0, 0, 0, 0, 0, 0, 0, 0, 0, 0, 0]

English: [46, 7, 120, 125, 246, 31, 492, 2, 147, 737, 0, 0, 0, 0, 0, 0, 0, 0, 0, 0]
Sinhala: [2, 7, 162, 367, 30, 49, 438, 37, 368, 267, 257, 399, 3, 0, 0, 0, 0, 0, 0, 0]

English: [8, 5, 1261, 0, 0, 0, 0, 0, 0, 0, 0, 0, 0, 0, 0, 0, 0, 0, 0, 0]
Sinhala: [2, 5, 965, 82, 190, 3, 0, 0, 0, 0, 0, 0, 0, 0, 0, 0, 0, 0, 0, 0]

English: [25, 42, 4, 177, 0, 0, 0, 0, 0, 0, 0, 0, 0, 0, 0, 0, 0, 0, 0, 0]
Sinhala: [2, 258, 295, 2378, 172, 3, 0, 0, 0, 0, 0, 0, 0, 0, 0, 0, 0, 0, 0, 0]

English: [33, 89, 1103, 0, 0, 0, 0, 0, 0, 0, 0, 0, 0, 0, 0, 0, 0, 0, 0, 0]
Sinhala: [2, 8, 74, 1116, 1585, 29, 3, 0, 0, 0, 0, 0, 0, 0, 0, 0, 0, 0, 0, 0]

English: [5, 132, 22, 198, 9, 291, 55, 34, 42, 281, 0, 0, 0, 0, 0, 0, 0, 0, 0, 0]
Sinhala: [2, 185, 60, 45, 19, 174, 389, 219, 5, 83, 207, 174, 389, 7071, 3, 0, 0, 0, 0, 0]

English: [105, 15, 1515, 0, 0, 0, 0, 0, 0, 0, 0, 0, 0, 0, 0, 0, 0, 0, 0, 0]
Sinhala: [2, 9, 10, 3233, 3, 0, 0, 0, 0, 0, 0, 0, 0, 0, 0, 0, 0, 0, 0, 0]

English: [3, 68, 1017, 4, 82, 7, 38, 6, 271, 35, 17, 0, 0, 0, 0, 0, 0, 0, 0, 0]
Sinhala: [2, 4, 163, 43, 213, 10617, 4341, 265, 794, 22, 3, 0, 0, 0, 0, 0, 0, 0, 0, 0]

English: [25, 838, 63, 164, 0, 0, 0, 0, 0, 0, 0, 0, 0, 0, 0, 0, 0, 0, 0, 0]
Sinhala: [2, 14, 434, 740, 632, 324, 48, 3, 0, 0, 0, 0, 0, 0, 0, 0, 0, 0, 0, 0]

English: [121, 6370, 5, 22, 1045, 52, 44, 1587, 18, 154, 0, 0, 0, 0, 0, 0, 0, 0, 0, 0]
Sinhala: [2, 5, 3358, 1277, 132, 99, 93, 2091, 244, 900, 167, 1109, 12, 3, 0, 0, 0, 0, 0, 0]

English: [5, 90, 203, 286, 34, 478, 367, 9, 76, 0, 0, 0, 0, 0, 0, 0, 0, 0, 0, 0]
Sinhala: [2, 27, 270, 17, 53, 850, 174, 138, 1079, 45, 57, 3, 0, 0, 0, 0, 0, 0, 0, 0]

English: [9, 90, 35, 4, 267, 289, 2, 101, 675, 4, 21, 117, 0, 0, 0, 0, 0, 0, 0, 0]
Sinhala: [2, 177, 18, 1027, 3303, 1008, 124, 329, 9, 116, 17, 3, 0, 0, 0, 0, 0, 0, 0, 0]

English: [53, 28, 6, 148, 12, 2198, 1264, 11, 2, 1487, 0, 0, 0, 0, 0, 0, 0, 0, 0, 0]
Sinhala: [2, 3074, 727, 1190, 1258, 166, 61, 3, 0, 0, 0, 0, 0, 0, 0, 0, 0, 0, 0, 0]

English: [62, 11, 2, 965, 0, 0, 0, 0, 0, 0, 0, 0, 0, 0, 0, 0, 0, 0, 0, 0]
Sinhala: [2, 4085, 55, 3, 0, 0, 0, 0, 0, 0, 0, 0, 0, 0, 0, 0, 0, 0, 0, 0]

English: [388, 15, 1201, 28, 268, 51, 15, 1162, 28, 63, 990, 0, 0, 0, 0, 0, 0, 0, 0, 0]
Sinhala: [2, 10, 1739, 808, 1614, 36, 10, 1382, 943, 2959, 3, 0, 0, 0, 0, 0, 0, 0, 0, 0]

English: [1768, 10, 4, 20, 0, 0, 0, 0, 0, 0, 0, 0, 0, 0, 0, 0, 0, 0, 0, 0]
Sinhala: [2, 8, 6, 1569, 28, 3, 0, 0, 0, 0, 0, 0, 0, 0, 0, 0, 0, 0, 0, 0]

English: [3, 330, 4, 182, 51, 2, 1558, 42, 245, 3565, 0, 0, 0, 0, 0, 0, 0, 0, 0, 0]
Sinhala: [2, 4, 1415, 809, 223, 36, 1477, 40, 75, 1227, 752, 1343, 3, 0, 0, 0, 0, 0, 0, 0]

English: [21, 7, 82, 13, 7295, 13, 319, 243, 35, 6, 4314, 0, 0, 0, 0, 0, 0, 0, 0, 0]
Sinhala: [2, 11789, 206, 1001, 7983, 742, 801, 30, 26, 11, 180, 3, 0, 0, 0, 0, 0, 0, 0, 0]

English: [5, 243, 401, 0, 0, 0, 0, 0, 0, 0, 0, 0, 0, 0, 0, 0, 0, 0, 0, 0]
Sinhala: [2, 5, 1026, 213, 3, 0, 0, 0, 0, 0, 0, 0, 0, 0, 0, 0, 0, 0, 0, 0]

English: [9, 76, 10, 16, 98, 0, 0, 0, 0, 0, 0, 0, 0, 0, 0, 0, 0, 0, 0, 0]
Sinhala: [2, 9, 8, 98, 121, 31, 29, 3, 0, 0, 0, 0, 0, 0, 0, 0, 0, 0, 0, 0]

English: [3, 311, 10, 0, 0, 0, 0, 0, 0, 0, 0, 0, 0, 0, 0, 0, 0, 0, 0, 0]
Sinhala: [2, 4, 8, 136, 129, 3, 0, 0, 0, 0, 0, 0, 0, 0, 0, 0, 0, 0, 0, 0]

English: [2, 305, 14, 757, 394, 237, 30, 1027, 12, 2, 746, 471, 0, 0, 0, 0, 0, 0, 0, 0]
Sinhala: [2, 382, 428, 59, 238, 681, 2005, 424, 12, 3, 0, 0, 0, 0, 0, 0, 0, 0, 0, 0]

English: [41, 10, 267, 0, 0, 0, 0, 0, 0, 0, 0, 0, 0, 0, 0, 0, 0, 0, 0, 0]
Sinhala: [2, 8, 124, 364, 119, 3, 0, 0, 0, 0, 0, 0, 0, 0, 0, 0, 0, 0, 0, 0]

English: [33, 79, 6, 127, 49, 232, 114, 42, 6, 670, 883, 0, 0, 0, 0, 0, 0, 0, 0, 0]
Sinhala: [2, 6, 1663, 1335, 39, 82, 46, 94, 39, 82, 16, 3, 0, 0, 0, 0, 0, 0, 0, 0]

English: [5, 113, 13, 9, 90, 39, 4, 360, 7, 51, 46, 7, 81, 262, 72, 189, 745, 1141, 7, 52]
Sinhala: [2, 5, 207, 33, 11, 2776, 23, 126, 66, 36, 7, 100, 97, 4173, 9, 11, 370, 2542, 16, 3]

English: [3, 216, 70, 300, 0, 0, 0, 0, 0, 0, 0, 0, 0, 0, 0, 0, 0, 0, 0, 0]
Sinhala: [2, 6, 166, 659, 3, 0, 0, 0, 0, 0, 0, 0, 0, 0, 0, 0, 0, 0, 0, 0]

English: [7, 319, 593, 20, 0, 0, 0, 0, 0, 0, 0, 0, 0, 0, 0, 0, 0, 0, 0, 0]
Sinhala: [2, 7, 6, 370, 215, 3, 0, 0, 0, 0, 0, 0, 0, 0, 0, 0, 0, 0, 0, 0]

English: [274, 188, 28, 290, 2448, 77, 1972, 0, 0, 0, 0, 0, 0, 0, 0, 0, 0, 0, 0, 0]
Sinhala: [2, 201, 276, 46, 25, 1307, 224, 6456, 70, 3, 0, 0, 0, 0, 0, 0, 0, 0, 0, 0]

English: [170, 13, 1910, 0, 0, 0, 0, 0, 0, 0, 0, 0, 0, 0, 0, 0, 0, 0, 0, 0]
Sinhala: [2, 8, 672, 107, 1256, 3, 0, 0, 0, 0, 0, 0, 0, 0, 0, 0, 0, 0, 0, 0]

English: [15, 585, 42, 6, 6665, 4787, 57, 3, 761, 2, 794, 634, 305, 0, 0, 0, 0, 0, 0, 0]
Sinhala: [2, 10, 1179, 9491, 10798, 889, 59, 6, 1332, 3151, 238, 555, 1718, 3, 0, 0, 0, 0, 0, 0]

English: [114, 781, 381, 0, 0, 0, 0, 0, 0, 0, 0, 0, 0, 0, 0, 0, 0, 0, 0, 0]
Sinhala: [2, 4, 348, 179, 167, 281, 3, 0, 0, 0, 0, 0, 0, 0, 0, 0, 0, 0, 0, 0]

English: [105, 6, 7128, 0, 0, 0, 0, 0, 0, 0, 0, 0, 0, 0, 0, 0, 0, 0, 0, 0]
Sinhala: [2, 9, 8644, 3, 0, 0, 0, 0, 0, 0, 0, 0, 0, 0, 0, 0, 0, 0, 0, 0]

English: [25, 4137, 37, 0, 0, 0, 0, 0, 0, 0, 0, 0, 0, 0, 0, 0, 0, 0, 0, 0]
Sinhala: [2, 14, 33, 362, 48, 3, 0, 0, 0, 0, 0, 0, 0, 0, 0, 0, 0, 0, 0, 0]

English: [5, 621, 67, 22, 14, 695, 4, 1031, 16, 0, 0, 0, 0, 0, 0, 0, 0, 0, 0, 0]
Sinhala: [2, 5, 336, 98, 83, 932, 353, 395, 98, 141, 569, 3, 0, 0, 0, 0, 0, 0, 0, 0]

English: [26, 319, 347, 0, 0, 0, 0, 0, 0, 0, 0, 0, 0, 0, 0, 0, 0, 0, 0, 0]
Sinhala: [2, 4, 742, 309, 3, 0, 0, 0, 0, 0, 0, 0, 0, 0, 0, 0, 0, 0, 0, 0]

English: [9, 14, 564, 11, 7895, 0, 0, 0, 0, 0, 0, 0, 0, 0, 0, 0, 0, 0, 0, 0]
Sinhala: [2, 9, 2049, 2154, 12832, 165, 3, 0, 0, 0, 0, 0, 0, 0, 0, 0, 0, 0, 0, 0]

English: [798, 10, 56, 0, 0, 0, 0, 0, 0, 0, 0, 0, 0, 0, 0, 0, 0, 0, 0, 0]
Sinhala: [2, 8, 2195, 101, 3, 0, 0, 0, 0, 0, 0, 0, 0, 0, 0, 0, 0, 0, 0, 0]

English: [53, 8, 6, 2258, 12, 2, 238, 539, 2, 182, 0, 0, 0, 0, 0, 0, 0, 0, 0, 0]
Sinhala: [2, 1416, 393, 2978, 9325, 61, 3, 0, 0, 0, 0, 0, 0, 0, 0, 0, 0, 0, 0, 0]

English: [50, 41, 267, 0, 0, 0, 0, 0, 0, 0, 0, 0, 0, 0, 0, 0, 0, 0, 0, 0]
Sinhala: [2, 204, 124, 364, 52, 3, 0, 0, 0, 0, 0, 0, 0, 0, 0, 0, 0, 0, 0, 0]

